2000 3
 1.0839  0.9585 -0.2348
 0.3298  0.5443  0.922 
 1.542   0.4806  1.1388
 0.1566  0.8911  1.1844
 1.6907  1.5076  0.8195
 0.4963  1.4954  0.9945
-0.3451  1.2622  0.319 
-0.0598 -0.0164 -0.3097
 0.9675  1.0496  0.527 
 0.5418  0.4971  1.1461
 0.5225  1.5009  1.0637
 0.4354  0.5317  1.2434
 0.5674  0.6341  1.1233
 0.5064  1.4777  1.2997
-0.0487  0.072   0.0177
 0.4055  0.3214  1.0705
 0.433   1.4502  0.8224
 1.5771  1.4906  1.3883
 0.4458  0.5304  0.8703
 0.3163  1.1296  0.4174
 1.1256  1.2449 -0.1398
 0.6399  1.525   0.8331
 0.3428  0.5231  0.8995
-0.267  -0.0168  0.2997
 1.3762  0.7783  1.2238
 0.1063  0.0872  0.0493
 1.1661  1.591   0.9554
 1.0512 -0.064  -0.0625
-0.0171  0.0129  0.0736
 0.2036  0.998  -0.4453
 0.996   0.8089 -0.2192
 0.9898 -0.0036  0.4735
-0.0024  0.9991 -0.0031
 0.0401  1.1142  0.004 
-0.1029 -0.0248 -0.1389
 1.0489  0.8284  0.0447
 0.499   1.498   1.0029
 1.5767  1.4012  0.8763
 0.8967  0.3671  0.2018
 0.6079  1.4407  1.4772
-0.0389  0.2001  0.0111
 0.5923  0.4356  1.2394
 0.2673  1.2957 -0.2566
 0.4951  0.5386  0.9887
 0.1852  0.4049  1.2413
 0.4316  0.4399  0.7934
 1.1541  1.101   0.4562
-0.1106 -0.266   0.4304
 0.03    0.3743  1.2392
-0.0884 -0.0188  0.5683
 1.2179  0.6117 -0.3868
 0.8291 -0.0892  0.0474
 1.0016 -0.0006  0.5945
 0.5244  0.9069  0.0312
 1.0247  1.2091 -0.0545
 1.6352  1.1887  1.2291
-0.0009  0.9995  0.3302
 0.9918  0.0087  0.4691
 0.2236  0.9821  0.3919
 1.0079 -0.029  -0.0246
 0.3668  0.1702  1.2208
 1.5091  1.5011  0.9625
 0.6466  1.5672  0.828 
 0.1246  0.6638  1.2855
 0.5925  1.5447  1.0164
 0.7228  1.2627  1.1955
 1.0549  0.0378  0.077 
 1.712   1.5713  0.8173
-0.33    1.224   0.0151
 1.3727 -0.2075 -0.2387
 1.655   1.4006  1.2656
 0.9711  1.1794 -0.1569
 0.7616  1.6547  1.0872
 1.6986  1.4343  1.3275
 1.4784  1.5028  1.3208
 1.5852  1.6639  1.1426
 1.082   0.0889 -0.3901
-0.0555  0.8591 -0.2048
 1.4435  1.5412  0.8874
 1.5178  1.4928  1.3262
 0.739   0.9265  0.2285
 0.7968  0.9795  0.3323
 0.9925  0.9914  0.59  
-0.0007  0.0107  0.2177
 0.6192  1.6034  1.2732
 0.3081  0.0444  0.0181
 0.0465 -0.0181  0.2336
 0.1121  0.3894  0.6614
 1.5003  1.5069  1.0932
 0.8017  1.037   0.3919
 0.5     1.4995  1.0007
 0.1153  0.2525  1.2639
 1.0027  0.9683 -0.0258
-0.0386  0.2531  1.0817
 0.7577  1.7791  0.9116
 0.9519  0.7394 -0.2113
 1.0448  1.1898  1.102 
 0.3459  0.5224  0.5361
 0.5014  1.4979  1.0762
 0.9334  1.0746 -0.1235
 1.0811  1.0825 -0.1254
 1.6818  2.0176  1.1998
-0.022  -0.055   0.4329
 0.9978  0.0086 -0.0343
 0.3187  0.7299  0.0874
 0.5508  1.3953  1.1315
 0.3083  0.3307  0.7343
 0.1667  1.1815 -0.0611
-0.2572 -0.0605 -0.4829
 1.5755  0.4476  0.9613
 0.0809 -0.1024  0.259 
 0.5012  0.3046  0.8951
 0.366  -0.0762 -0.3082
 0.9874 -0.2161  0.1204
 0.2553  1.0374  0.2488
 0.9419  0.7724 -0.1089
 1.0088  1.0121 -0.2106
 0.1014  1.5051  1.193 
 0.8378  0.9874 -0.3443
 0.9593  0.0504 -0.1138
 1.1447 -0.2686  0.1964
 1.5475  1.4995  0.9967
 0.4424  0.1924  1.2343
 0.6306  1.4976  1.1958
 0.4753  0.5524  0.7636
 0.495   1.0408 -0.2131
-0.268  -0.0399  0.1719
 0.6013  1.5038  0.889 
 0.5545  0.401   0.9844
 1.5901  0.1805  0.9396
 0.7188 -0.3118  0.4036
 0.1651  1.3723  1.106 
 0.4302  0.1591  1.2773
 0.4496  0.6306  1.0931
 0.3027  1.5576  0.9084
 0.8577  0.2823  0.0324
 1.416   1.4778  1.1109
 0.3931  1.3198  1.4984
-0.3979  0.8403  0.4161
 0.6096  1.4106  1.0253
 0.4922  1.5091  0.6658
-0.0641  0.9927 -0.0547
-0.3654  0.9572  0.2041
 1.0349  0.8988  0.0672
 1.0138  1.0728 -0.0564
 1.2077  0.0314  0.1802
 1.2822  0.4424  1.0301
 0.8286  1.5501  1.2274
-0.0876  0.9695 -0.2948
 0.5116  0.5033  1.0157
 1.478   0.4992  0.5351
 0.4652  0.3804  1.0281
 0.5003  1.4898  1.1086
 1.017   1.2563  0.9337
 1.5829  1.568   0.7385
 0.1893  1.3416 -0.3731
 0.8115  0.1837  0.836 
 1.8298  0.8104  0.9619
 1.1597  1.8006  1.3564
 0.3947  0.702   0.984 
 1.5096  1.524   1.0061
 0.9999 -0.0255 -0.0547
 0.3955  1.1685  1.331 
 0.9892  0.0088 -0.0097
 0.4862  1.5029  1.027 
 1.5019  1.4927  0.9961
 1.6137  0.8099  0.8791
 1.0174 -0.0021  0.0044
 0.9372 -0.0868 -0.0766
 0.7907  0.5709  1.2802
-0.013   0.9204 -0.1068
 0.7534  0.3118  0.363 
-0.1296  0.3748  0.2045
 1.5861  0.3606  1.2206
 1.2563  1.2828 -0.0508
 0.6862  0.9994  0.8625
 0.0129  0.0068 -0.4441
 0.0328  0.9987 -0.0095
 0.4547  1.4828  1.1727
-0.0473  0.8633  0.0821
 1.1404  0.8841 -0.2466
 1.5559  0.4999  0.994 
 0.8408  1.0744  0.0232
 0.9703  1.0557 -0.0361
 1.33   -0.0985 -0.0413
-0.023   1.0118 -0.2563
-0.0389  0.7866 -0.4751
 0.3781  1.606   1.0875
 1.4111  0.5981  1.1002
 0.5044  1.5503  1.1209
 1.0868  0.1552 -0.3281
 1.3095  1.7255  1.2022
 0.223  -0.3545  0.2189
 1.8205  0.9949  1.0657
 0.914   0.7399  0.0086
 0.9857 -0.0122 -0.0354
 0.4815  0.3917  1.2422
 1.4882  1.5718  1.0844
 0.484   0.4956  0.9932
 1.095   0.8907  0.0836
 0.4739  0.6066  0.9982
 1.7519  0.7113  0.757 
 0.9915  1.024  -0.0688
 0.4378  1.4014  0.9411
 0.6921 -0.1172  0.2026
-0.2924  0.8509  0.0549
 0.2088  0.8984  0.0542
 1.4843  0.5192  1.0162
 1.5501  1.3578  0.8733
 1.1358  0.445   1.0137
 0.5011  1.5042  1.3411
 1.6314  1.3397  1.2788
-0.0118  1.0075 -0.0338
 1.1813  1.2866  1.0607
 0.0637  0.0182 -0.5877
 1.6803  0.5212  1.0377
 1.4915  0.4382  0.8505
 0.0342  0.9568 -0.098 
 0.6723  1.1735  0.5583
 1.5149  1.5113  0.4423
 1.2312 -0.2169  0.1391
 0.5643  0.87   -0.1768
 0.9917  0.08   -0.0253
 0.9703  0.1879 -0.0755
 1.2407  0.958  -0.3397
 0.4995  0.5002  1.0821
 0.6877  0.4025  1.065 
 1.8619  0.3853  0.7351
 0.5293  0.4627  1.454 
 0.4997  0.5004  0.8451
 1.1334  1.1772  0.3457
 0.3707  1.7089  1.0087
 0.5184  0.4771  0.9106
 0.6223  1.5352  1.1199
 0.5104  0.4622  1.013 
 0.3737  1.0257  0.9649
 0.898   1.2238 -0.2723
 0.617   0.2662 -0.0163
-0.0083  0.9951 -0.0085
 1.5385  1.65    1.3921
 1.4121  1.5496  1.2786
 0.7569 -0.2353  0.1562
 0.3433  0.2678 -0.395 
 0.2514  1.6429  0.6614
 0.476   0.6283  0.7667
 0.0402  1.0142 -0.2507
 1.555   1.2035  1.0446
 0.8797  1.0595  0.883 
 0.912   0.9387 -0.1123
-0.232  -0.1067  0.3429
 0.9935  1.7618  1.0273
-0.1168  0.14   -0.4406
 1.4973  1.4982  1.0001
 0.3101  1.0347  1.1386
 1.43    0.6142  1.0942
 0.0501  1.3432  0.9099
 0.0097  1.0017 -0.0137
 1.5337  0.4808  1.5788
 0.1925  0.1467  0.3648
 0.1131  0.324  -0.2275
 0.473   0.5016  0.9662
 0.9924  0.4689  1.1789
 0.3308  0.5522  0.891 
 0.0246 -0.4396 -0.1703
 0.9102  1.0058 -0.0701
 1.0021  0.9994  0.4654
 1.4677  0.7402 -0.2573
-0.0689  1.0683 -0.162 
 1.1629  1.2924  0.1525
 0.0998  1.3064  0.0062
-0.001   1.0078 -0.1531
-0.0947  1.1273  0.0277
 1.4915  0.5109  0.6044
 1.3321  1.2322  0.611 
 1.2366  1.7126  1.0274
 1.5052  0.4733  1.0834
-0.0802  0.517  -0.3002
 1.4318  1.3881  0.0957
 1.3986  0.5329  0.8369
 0.4474  1.4193  0.7982
 1.285   0.8019  0.3638
 0.8756  1.0106  0.342 
 0.2535  0.3655  1.4216
 1.1327  0.2759  0.0604
-0.0215  0.758   0.4792
 0.0543  0.1574 -0.5061
 0.9803  0.8869  0.3409
 0.7673  1.3049  0.744 
 1.4643  0.4598  0.6634
 0.086   0.0687 -0.1397
 0.9441  0.0434 -0.1493
 1.8304  0.6833  0.6953
 0.4376  0.5751  0.5476
 1.7221  1.9862  0.8724
 0.1207 -0.5256 -0.197 
-0.0217  1.0007  0.2047
 0.7095  1.3265  0.9021
 0.0585  0.2084  0.0739
 0.5771  0.7801  1.2891
-0.353   0.8513  0.4093
 0.1066 -0.1205 -0.0312
 0.4208  0.5034  1.3911
-0.4236  1.1619 -0.1023
 0.9366  0.0472 -0.1013
 0.5418  0.5242  1.2747
 0.9458  1.1606 -0.1696
 0.034   0.0462 -0.0944
 0.2283  0.8236 -0.0519
 1.8016  1.4931  0.8128
 0.9686  1.3716  0.2032
 0.4655  1.4964  1.1367
 1.0044 -0.0624 -0.1169
 0.6754  0.3956  0.9618
 2.0102  0.5274  1.1666
 1.0629  1.011   0.0093
 1.0341  0.9796  0.1039
 0.519   1.5352  0.6664
 0.4175  1.5264  1.2597
 0.0213 -0.0134  0.0288
 1.4437  1.4908  0.9202
-0.0073  0.0188  0.0607
 0.8468  1.0921 -0.089 
 1.5861  0.74    0.6046
 1.5131  0.4902  1.0332
 1.0186  1.0189  0.0205
-0.0909  1.0951 -0.0755
 1.6978  0.5662  0.593 
 0.9876  1.1535 -0.0077
 1.789   0.6363  1.295 
 1.2737  1.3234 -0.116 
-0.0102  0.0279 -0.0573
 0.0124  1.1255  0.0632
 0.1165  1.3975  0.8562
 1.1378  0.021   0.0208
 1.5004  0.4982  1.001 
 0.9957 -0.0206  0.1087
-0.3658  0.1694 -0.4412
 0.4684  1.6735  1.0505
 1.0035  1.0052  0.0113
 0.7728  0.155   1.2768
-0.032   0.0351 -0.0175
 1.1595  0.0188  0.4987
 1.5786  0.4352  0.5148
 0.567   0.7219 -0.135 
 1.8415  1.2346  0.7826
 0.4957  0.6367  0.5379
 0.4886  1.4977  0.8106
 0.6376  0.9638  1.225 
 0.752   1.3914  0.6251
 0.5095 -0.0759  0.0211
 1.4328  0.5225  0.8733
 1.505   1.4995  1.0374
 1.4564  0.5118  0.7372
 0.9192  1.0228  0.0298
 0.5709  0.4738  1.4911
 0.5779  0.4983  1.0024
 0.5338  1.4297  1.3855
 0.113   0.9892  0.3188
 1.4977  1.498   0.9097
 0.0292  1.0018 -0.1337
 0.5108  0.2187  0.1101
-0.1555 -0.3329  0.002 
 1.2306 -0.1291  0.4208
-0.0425 -0.0302  0.2373
 1.4747  0.796   1.0742
 0.8797  0.2185 -0.3093
 0.7554  1.4786  0.7656
 0.4975  0.6075  0.8483
 1.4967  1.5264  0.4077
 0.9556  0.9633 -0.1513
 1.0005 -0.0017 -0.4662
 1.4994  1.512   1.1564
 0.3807  0.2612  1.4447
 1.4559  1.9452  1.0465
-0.0992  0.7657  0.0675
 0.7341  1.4836  1.4517
 1.4953  1.4851  0.9872
 0.1053 -0.0647 -0.0543
 1.5377  1.5211  0.8919
 1.2628  1.5858  1.2495
 0.9896  0.0641  0.0955
 0.2479  0.7875  1.4412
-0.0601 -0.1123 -0.2273
-0.0572  1.0086  0.0301
 1.5134  0.4862  1.0731
 1.3901  0.9427 -0.2044
 0.4873  0.5462  1.3459
 0.5045  0.4246  1.0367
 1.5248  1.538   1.5475
-0.0062  0.8705  0.0841
 0.6052  0.7479  1.5134
 0.4778  1.3252  0.0116
-0.0218 -0.0066 -0.2821
 1.6477  0.5494  1.0957
 1.5205  0.4981  0.9488
 1.3227  0.2383  0.1536
 0.6246  0.9703 -0.0586
 0.7141  0.9893  0.0606
-0.0017  1.0009 -0.0055
 1.0133  0.9722 -0.4516
 0.891  -0.2877  0.1657
 0.6181  1.268   0.8761
 0.712   1.4013  1.5239
 0.5379  1.3474  0.9907
 0.7337 -0.0075 -0.4456
 0.7909  1.2523 -0.4991
 1.957   0.2883  1.0034
 0.0574 -0.4204  0.2345
 1.5625  1.4156  1.3739
 0.9864  0.0337  0.0311
 0.6528  1.4852  1.3738
 0.4938  0.6279  0.6637
 0.8957  0.9613 -0.0962
-0.0503  0.9492  0.2096
-0.0177  0.0154 -0.2807
 1.2426  1.803   1.1769
 1.3452  1.1291  1.3425
 0.1354  1.6633  0.9648
 0.2399  0.4229  1.1308
-0.0217 -0.1124  0.2239
-0.0795  0.8761 -0.4248
 0.5016  0.5023  1.0026
-0.0691  0.9972  0.2896
 1.4523  0.4541  1.2165
 0.0021  1.0109 -0.1041
-0.3466 -0.0109 -0.3106
 0.9113  0.1092  0.2406
 0.0537  1.1397  0.9306
 0.2172  1.7984  0.7776
 0.1969  0.263   0.722 
 0.2144 -0.0193  0.3399
 0.0039  1.0184  0.0977
 0.3955  1.41    1.0214
 1.4703  0.5049  1.0479
 1.0033  0.0185 -0.1253
 1.2117  0.6788  0.732 
 0.1239  0.6708  0.7594
 0.0284  0.8949  0.118 
 0.7016  0.435   0.1527
 0.8986  1.0209  0.2526
 1.5104  0.3791  0.8517
 1.3715  0.4275  0.9149
 1.0882  0.7513 -0.1544
 1.3197 -0.0246  0.8711
 0.4946  0.5063  0.9975
 0.4855  1.5675  1.5146
 0.7166  1.0462  0.012 
 1.0282  1.0442  0.3817
 0.9467  1.1775 -0.31  
 1.2358  1.3763  0.7363
 1.5063  1.4797  1.0065
 0.9762  1.0034 -0.2942
 0.4954  1.4348  0.9559
 1.8104  0.1568  1.057 
 0.7765  0.6096  0.0431
 1.8466  0.6502  1.0123
 1.1329  1.3045 -0.3128
 0.4636  0.4237  0.9833
 0.5051  1.4935  0.9246
 0.5155  0.7525  1.4034
 1.006   0.9888 -0.0184
 1.0017 -0.3366 -0.3197
-0.4101  1.0528 -0.3554
 0.4157  0.659   0.7498
 0.9536 -0.2217 -0.3485
-0.0415  0.9757 -0.302 
 0.5509  0.5578  1.0243
 0.7553  1.0694  0.1895
-0.1444  1.0105 -0.5131
 1.4479  0.6584  0.7801
 0.1663  0.5408  1.2874
-0.011  -0.3636 -0.2649
 1.3271  1.5683  0.976 
 1.5017  1.5114  1.0083
 0.6977  0.2012  0.241 
 2.0049  0.5763  0.9308
 1.2646  0.4383  0.994 
 0.2442  0.2054  0.5859
-0.1672  0.906  -0.0739
 0.9066  0.0624  0.2271
 1.3705 -0.0465  0.2035
 0.5008  1.5     1.0038
 1.3106  1.4224  1.4076
-0.2023  1.1781 -0.1161
 0.5146  1.6245  0.4284
 0.1258  0.2527 -0.0788
 0.5009  0.5014  0.9972
 0.453   0.8202  1.3169
-0.2679 -0.1629 -0.1204
-0.0156  0.8697  0.3059
 1.4774  0.5007  0.9982
 0.4119  0.5125  1.1727
 0.9133  1.0372 -0.3135
 1.0453  0.9137  0.093 
 0.9963  0.0521 -0.2141
 0.5417  0.3737  1.3173
 0.3339  1.2634 -0.4158
 0.8847 -0.0174  0.3061
 1.5181  1.4965  1.1535
 0.8779  0.9164  0.3993
 0.4257  0.6256  0.908 
 0.1     0.6334  0.7801
 0.511   0.5215  0.9111
 0.5388  1.5871  0.9347
 1.4879  1.439   0.9827
 0.7749  1.5302  0.9301
 0.9452 -0.1309  0.0537
 0.1072  0.8102 -0.0189
 1.4656  0.307   1.4442
 1.5483  0.511   0.4997
-0.2108  1.1107  0.0922
 1.4989  1.5229  1.1343
 1.4523  0.5379  0.7282
 1.5664  1.4684  1.0534
 1.8849  1.3379  1.2973
 1.0729  1.0555 -0.4326
 1.0644  0.1632  0.2648
 0.2445 -0.3114 -0.3185
 0.996   0.0018  0.0007
 0.3037  0.4993  1.0441
 0.0129  1.002   0.4258
 1.1066  0.8552  0.0971
 0.5006  0.5137  1.0482
 0.9273  0.0329 -0.1297
-0.0267  0.9882 -0.5006
 0.4811  1.1163  0.8433
-0.0703 -0.3062  0.0228
 0.985   0.0256 -0.0696
 0.5534  0.7196  1.1396
 0.0224 -0.0252 -0.2408
 1.7406  1.723   1.2216
 0.8393  0.0979 -0.0471
 1.0755  1.645   0.6169
-0.1079 -0.3066  0.1168
-0.0662  0.9643 -0.5738
 1.2297  1.4313 -0.1841
 1.3935  0.5049  1.0048
 0.0612 -0.0524 -0.5691
 0.5639  0.7     0.9191
 0.7651  1.0915  0.4841
 0.4463  1.5412  1.5395
 1.5076  1.4409  0.9999
-0.0266  0.8301 -0.0062
 1.5138  0.4862  1.0071
 0.7135  1.5076  1.1502
-0.4246  0.0259  0.3476
 0.0288  0.0467  0.3555
 1.5304  1.2769  1.3019
 0.4956  0.4994  0.9588
 1.5031  0.4996  0.9967
 1.3151  0.8195  0.0354
-0.0648  0.0514  0.1513
 0.5493  0.5479  0.4364
 1.4981  0.5002  1.0203
 1.0169  1.0345 -0.0692
 0.4138  1.6225  0.8082
 0.2461  0.6845  0.9669
 0.518   0.4961  0.9381
 0.3856  0.0459 -0.0443
 1.1668  1.458   0.305 
-0.003   0.9909 -0.0667
 0.9834 -0.0006  0.2454
 0.9221  0.9565  0.0369
-0.0579  0.9982 -0.161 
 0.1398  0.751   0.1015
 0.8762  1.0682 -0.3096
 0.7438  1.1982 -0.1898
-0.0489 -0.0281 -0.4743
 0.528   0.5593  1.0388
 1.5083  0.5234  0.9744
 1.4267  0.4806  0.923 
 1.8657  0.0717  0.8879
 0.9505  0.014   0.0958
 0.6305  0.4043  1.0833
 1.3592  1.5361  1.1694
 0.0744  1.0482 -0.1971
 1.5196  0.0762  0.9457
 1.294   0.5039 -0.1082
-0.0033  1.0028 -0.0479
 0.1601  0.0038  0.0448
 1.059   0.9793  0.4436
 1.5928  1.2556  0.9201
 0.4257  1.5012  0.6532
-0.0093 -0.3291  0.3852
-0.0226  1.0687 -0.1287
 0.3529 -0.0482  0.3646
-0.0522  1.0139  0.3015
 1.0547  0.8771 -0.1184
 0.3737  1.3571 -0.2409
 0.9302  1.0659 -0.1753
-0.0344  0.9623 -0.0659
 1.0053  1.0069 -0.0088
 1.5989  1.347   0.9163
 0.8841  0.1549  0.3777
 0.1623  1.1106 -0.4322
 0.9915  0.9465  0.2705
 0.0708  0.8879  0.536 
 1.4167  1.474   1.1813
 1.2161  1.6254  0.9207
-0.1038  1.2501  0.4071
 0.9972 -0.0016  0.1074
 0.5415  0.115   0.8691
 1.4074  1.5027  1.0104
 1.0986  0.1298 -0.4661
 1.4255  0.4898  1.2178
 0.8752 -0.0935 -0.1628
 1.6677  0.5379  1.5294
 0.3842  0.5273  1.0181
 1.3492  1.4767  0.9558
-0.0    -0.0    -0.1426
 0.2131  0.9495 -0.2407
 0.8199  1.2868  1.2158
 0.4864  1.4143  1.2646
 1.1145  0.3285 -0.4122
 0.5738  0.4613  0.5872
 0.0147  1.5241  0.7206
 0.1403 -0.1533  0.5183
 0.4472  0.0415  0.3568
 0.5741  1.3172  1.155 
 0.9848 -0.0078 -0.0397
-0.0005  1.0058  0.0191
-0.0716  1.5603  0.1677
 0.9026 -0.1515 -0.278 
 0.9166  0.0949 -0.0796
 0.1662  0.2516  0.9021
 0.1647  1.3174  1.2878
 1.0326  0.6262  0.9497
 0.9534  1.0224  0.2786
 0.5048  0.5029  0.9171
 0.1252  0.7057  0.2312
 0.6172  0.4072  1.5123
 0.3328 -0.4443  0.05  
 0.4147  1.6736  1.524 
 0.8015  0.3667  0.0809
 1.0003  1.0159 -0.3443
 1.5085  0.5019  1.4119
 1.8114  1.6449  1.0593
 0.9475  1.0483 -0.4952
-0.3211  0.7488  0.2428
 0.4651  0.3911  1.4887
 1.482   0.4574  0.933 
 0.0993 -0.1278 -0.1286
 0.5214  1.4574  1.0032
 1.0595  1.1615  1.0514
 1.2803  1.232   0.7265
 0.4598  1.6045  1.4287
 0.0047  1.0024  0.008 
 0.5446  1.3445  0.5933
 1.4414  0.4996  0.9007
 1.1433  1.0383  0.1166
 0.6437  1.383   0.712 
-0.3127  1.0442  0.2439
 0.3127 -0.2367  0.4135
 0.0571  0.7718 -0.0363
 0.7269 -0.0221 -0.032 
 1.5131  1.5317  0.8656
 1.4931  1.4812  0.6237
 1.3504  1.5541  1.0699
 0.5077  0.5043  1.2308
 0.5237  1.5676  0.8538
-0.0316  0.1764 -0.0844
 0.3549  1.7636  1.4638
 1.5015  0.5024  1.1162
 1.6296  1.7258  1.2939
 1.3482  0.5987  0.7159
-0.0975  1.0051  0.241 
-0.2108  0.5141 -0.1244
 0.9182  0.9579  0.5503
 0.5007  0.4888  1.2207
 0.9687 -0.0151 -0.0954
 0.7082  0.4081  0.6839
 1.3163  1.6617  1.3265
 0.69    1.5127  1.0138
 0.6009  1.5391  0.9997
 1.5083  0.4936  1.2057
 0.3623  1.5647  0.8439
 1.5287  1.4208  0.9266
 0.5007  1.4987  0.9948
 1.5744  1.4655  0.8019
-0.273   1.2348 -0.248 
 1.4296  1.4668  1.0292
 1.0658  0.8146 -0.1582
 0.0229  0.021   0.0052
 0.1361  0.0677 -0.3739
 1.5171  0.5547  1.0484
 0.7043  0.6316  0.7947
 1.4468  1.5933  1.0524
 1.4926  1.5089  0.9663
 0.9942  1.0571 -0.0475
 0.2768  1.0468 -0.1148
-0.2156 -0.2621 -0.2196
 0.5059  0.5068  1.015 
 0.0573  0.9713  0.5037
 0.4792  0.5862  0.9498
 0.9605 -0.0109 -0.0299
 0.0649  0.0084  0.0463
 1.3501  0.48    0.0434
 0.966   1.0765 -0.2525
-0.049   1.1021  0.0624
 0.0024 -0.005   0.3419
 0.0485  1.1429 -0.4319
 1.5185  0.5576  1.0335
 0.9277  0.1667  0.1815
-0.4861  0.1437  0.0372
 0.4861  0.5732  0.7362
 0.7327  0.2377  1.3085
 1.0709 -0.2528  0.3881
 1.6117  0.5602  0.4326
 0.3874  1.3953  1.2242
 0.4865  1.3868  1.2052
 0.9588  0.0499  0.2619
 0.7587 -0.478   0.1706
 0.6018  1.5665  1.2286
 0.9976  0.0083  0.1132
 0.7764  0.9889  0.0065
-0.0777  0.2471 -0.2243
 1.0019  1.1416  0.2773
 1.4599  0.5145  1.4447
 1.298   1.5363  0.8208
 0.619   1.6138  1.3662
-0.3028  1.3805 -0.2179
-0.0134  1.011  -0.1574
-0.1365  0.701  -0.0516
 0.0027  0.0034  0.0283
 0.0154  1.0067  0.0728
-0.0589  1.0031 -0.1118
 1.4961  0.4881  1.5882
 1.688   1.4804  1.0522
-0.0292  1.3002  1.1259
 0.6987 -0.0679 -0.2185
 1.4474  1.4581  0.9303
 0.5478  1.3284  1.2714
 1.0004  1.0008  0.0011
-0.0957  1.1853  0.0374
 1.4603  0.5489  0.9438
 1.5854  1.3546  1.1291
 1.5358  1.5024  1.0781
 0.3253  1.2585  1.4496
 1.4678  1.6865  0.7384
 0.9965  1.0065  0.0019
 0.0195  1.0025 -0.0275
-0.0412  1.053   0.0751
 0.7048  1.399   0.9438
 0.0293 -0.0867  0.5406
 1.9549  0.27    1.115 
 1.1809  1.6536  1.3839
 0.2228  0.8956  0.9674
 0.042  -0.0645 -0.1037
 0.283   1.5445  1.5423
 1.0492  0.0212 -0.2915
 1.4781  1.5125  0.7947
 1.7281  0.5779  1.0641
 1.489   0.4883  0.5873
 0.5227  0.6867  1.0844
 1.1519  0.0395 -0.1711
 0.8148  0.0407  0.1839
 1.1305  1.139   0.0453
 1.5214  1.4973  0.982 
 0.9944  1.0331  0.0111
 0.1638  0.196   0.0125
 0.5243  0.4984  1.1157
 1.5035  0.4877  0.9355
 0.4751  0.4363  1.0293
-0.1798 -0.2154 -0.2615
 1.0198  1.4216  1.2542
 1.4485  0.4848  0.9439
 1.1714  1.5709  1.2949
 0.9696  0.9645 -0.0501
 0.1829  0.082   0.1335
 0.3944  1.4457  1.0706
 0.5812  1.382   1.0565
 1.3994  0.2482  1.4875
 0.4964  0.4917  1.0079
 0.9258  1.1801  1.2318
 0.2813  0.5436  0.6876
 0.1162  0.9957 -0.2301
 0.9904  0.0035  0.0247
 1.0005 -0.0675  0.1704
 0.8604  0.0861  0.0405
-0.0883  0.9057 -0.4728
 1.6706  1.5813  1.4429
 0.5465  0.4522  0.7466
 0.3185  0.7941 -0.0532
 0.5018  0.3167  0.4669
 0.5036  0.5372  1.4544
 0.978  -0.0144  0.5819
 1.2277  0.4689  1.0577
-0.0685  1.4681 -0.0783
 1.5427  1.4468  1.0079
-0.0882  1.117   0.16  
 0.9894  1.0082  0.3612
 0.5205  1.4601  0.9321
 0.9769  0.9847  0.0101
 0.8772  1.0052  0.3203
-0.0033 -0.0529 -0.1254
 0.9988  0.0259 -0.2665
-0.2144 -0.0758 -0.1895
 1.5044  1.5958  1.5821
-0.365   0.8006 -0.1608
 0.4964  1.5017  1.0079
 1.8199  1.7324  1.18  
 0.3958  1.8713  0.7079
 1.8161  0.3835  0.6078
 0.7177  1.7768  0.8097
 0.1316  0.9402  0.0781
 0.6489  0.8555 -0.2138
 0.4917  0.3344  1.0083
 0.9091  0.8014  1.1735
-0.0195 -0.0012  0.0273
 0.1807 -0.4919 -0.1113
 0.0704  1.0525  0.1486
 1.2179  1.1143 -0.1006
 0.4283  0.8189  1.067 
 0.9018  0.9375  0.149 
 1.6583  1.5903  0.7844
 0.4488  0.8933  0.6735
 0.0157  0.8459  0.5599
 1.2289  1.0835  0.0458
 0.4163  0.37    1.2434
 1.0745  0.9434  0.063 
 1.1302 -0.3417 -0.1747
-0.3672  0.8715  0.0896
 0.4601  1.0711  1.3428
 1.6935  0.4933  1.0669
 0.2074  0.4134  0.9031
 1.4755  1.5745  1.3298
 1.2904  0.4155  1.1912
-0.1918 -0.1838  0.237 
 1.0043  1.0038  0.0153
 0.8226 -0.1965  0.1112
 0.041  -0.0712 -0.1476
 0.5435  1.4199  1.545 
 1.3395  0.5385  0.6218
 1.7687  1.201   0.8316
 1.7365  1.2627  1.1369
 1.5495  0.4318  0.7049
 1.5833  0.9912  1.3329
 0.5955  1.6045  1.097 
 0.9401  0.906   0.116 
 1.7296  1.2333  0.7059
 1.1839  1.1411 -0.0996
 0.9992 -0.0067 -0.0137
 1.6155  0.506   1.4036
 1.3676  1.0076  1.0946
 0.6776 -0.2248  0.1485
 0.0968 -0.5504  0.1931
-0.2651  0.0752 -0.1715
 0.5685  0.6515  0.9529
 1.1562  0.6698  0.2313
 1.2829  0.1574  0.3109
 0.0124  0.098  -0.0465
 0.493   0.4918  0.989 
-0.0868  1.1073 -0.3344
 0.7072  1.1391 -0.3208
 1.1609  0.072  -0.0098
 1.2584 -0.1783  0.3317
 0.9996  0.9996  0.0055
 0.3358  0.1318 -0.0838
 0.9305  0.9289  0.2207
 0.5018  1.4981  1.0152
 1.5139  1.5258  1.1576
 1.4447  1.5943  0.9238
 0.0187  0.9747 -0.0637
 1.2642  0.2163  1.4343
 1.8816  1.6694  1.0981
 0.5669  1.3437  0.8291
 0.7066  0.2525 -0.2252
 0.9652  1.0276 -0.0537
 1.4458  0.5477  0.9646
 0.5458  0.6635  1.1287
 0.9774  0.9712  0.0092
 1.5     1.5     1.1658
 0.5555  0.5273  1.2283
 0.2663  0.3529  0.8227
 1.6136  1.5397  1.0572
 0.3954  1.726   1.3913
 0.1642 -0.092   0.3023
 1.5483  1.4301  0.8654
 1.3277  0.0987 -0.1288
 1.0453  0.655  -0.1992
-0.2219 -0.114   0.3265
 1.347   1.5986  0.8124
 1.437   0.168   0.9159
 1.6089  0.6015  0.5721
 1.4441  1.7505  0.7991
 1.5364  0.6514  0.4945
 0.9716 -0.0149 -0.0047
 0.0605  1.328   0.2289
 0.7855  0.5555  1.1066
 0.632   1.8264  0.9229
 1.2053  0.0401  0.0499
 0.2684  0.6685  0.7857
 0.4568  0.5527  0.4114
 1.4395  1.4065  1.1645
 0.9781  0.0095  0.0833
 1.104   1.5141  1.0698
 1.4953  0.4832  1.1267
 1.4976  0.5795  1.4746
 1.4353  1.4712  0.4394
 0.1798  1.0212 -0.1264
 1.1961  1.5454  0.5513
 1.5003  1.5059  1.0081
 0.5142  1.49    1.0366
 1.1049  1.1694 -0.1945
-0.029  -0.0382 -0.1925
 1.516   1.6123  0.5385
-0.0848  1.0109 -0.0553
 1.3617  0.5071  1.0214
 0.8691 -0.0784  0.0237
 0.543   0.3644  1.0864
 1.4473  1.252   1.1421
 0.4982  0.5499  1.0867
 1.0587  0.0008 -0.1558
 1.4261  1.517   1.1581
 0.3744  1.6268  0.7409
 1.2256  0.0576 -0.0403
 0.7951  0.7588  0.3879
 0.5654  0.4234  1.122 
 0.8895  0.9772  0.2795
 0.0034  0.9799 -0.0446
-0.0106 -0.0041  0.0009
 0.0193  1.0005 -0.5473
 1.703   0.3569  1.3947
 1.4897  1.4794  0.7179
-0.1999 -0.2785  0.1047
 1.4108  1.6374  1.1903
 0.4213  1.4166  1.098 
 1.4323  0.639   0.9264
 0.4272  1.5274  1.0644
-0.1231 -0.0606  0.4716
-0.38    0.728  -0.0497
 0.5431  1.4884  1.0551
 1.8243  0.6809  1.0388
 0.3722  0.031   1.3203
 1.4927  1.5167  1.0301
 0.1742  1.4939  1.4668
-0.1163  0.8854  0.3338
 0.8091  0.9928  0.0968
 1.841   1.2881  0.9318
 1.5856  0.4963  0.6004
 0.8375  0.8265  1.1825
 0.409   0.4252  0.9532
 1.5621  1.6583  1.2191
 0.1498  1.8865  1.2234
 0.0305  1.0043 -0.1999
 1.1776  0.4898 -0.1548
 0.4654  0.587   1.0198
 1.5051  0.5126  0.9389
 0.5216 -0.1539  0.0298
 0.9439  0.9111 -0.3651
 1.153  -0.0459 -0.5551
 0.9495  0.9405  0.0933
 0.7379  1.1149 -0.4462
 0.8926  0.0883 -0.2102
 0.7172  0.3843  0.2281
 0.5339  0.5247  1.0443
-0.0061  1.0013 -0.265 
-0.0187  0.9816 -0.5147
 0.5058  0.5021  0.959 
 1.1985 -0.072  -0.2274
 0.0077  1.0196 -0.3612
 0.0943  1.0101 -0.0876
 1.0609  1.06    0.4876
 1.5977  0.578   1.2243
 0.5261  0.4981  0.7528
 0.9928  0.0885 -0.1052
 1.5332  0.3486  1.3461
 0.1004 -0.1347 -0.0741
 0.1464 -0.3091 -0.2783
 0.2639  1.0124  0.3452
 1.941   1.1831  1.0101
 0.0883  1.2647  0.3186
 1.1539  0.683   0.8634
 0.918   0.7441  0.1265
-0.0575  0.1315  0.0447
 1.4783  1.5389  0.8054
 1.3277  0.5361  1.1935
 0.9385 -0.0624  0.1475
 0.1838  0.1263  1.3388
 0.5238  1.3354  0.6458
 1.5048  1.5127  1.1552
 1.5238  0.4714  1.1689
 0.5579  1.1224  1.1011
 0.5794  1.4956  0.6879
 0.7004  0.81    1.3358
 1.7049  0.7659  1.1341
 0.8286  0.0803 -0.2735
 0.0305  1.0385  0.2223
-0.2875  0.9568 -0.1997
 1.2088  1.0489  0.2971
 1.5108  0.5622  1.1375
 1.1934  1.1108  0.014 
 0.9837  0.0593 -0.3859
 1.1105  1.0976  0.3894
 1.6079  1.5782  1.0393
 0.1868  1.1017 -0.4619
 1.0734  1.1618 -0.0668
-0.0118  0.989  -0.0046
 1.5071  1.5277  0.9766
 0.3534  1.5257  0.7037
 1.2564  0.9386  0.0583
 1.2491  0.1526  0.0371
 1.6034  1.966   1.0745
 1.2005  0.4217  0.777 
 0.0021  1.0202  0.1252
 0.4983  0.5043  1.018 
 1.1422  0.9295  0.3453
 0.0005  0.0094 -0.3336
 0.1907  0.9914  0.2344
 0.6717  0.2973  0.108 
 0.9984  0.0029  0.0087
 0.8007  0.7733  0.3811
 0.5549  0.5602  0.8786
 1.4674  0.4674  1.3721
 0.9292  0.9653 -0.0462
 0.2249 -0.2469  0.091 
 0.5238  0.4247  1.1015
 1.4926  1.5033  1.1227
 0.6019  0.4927  0.8339
 0.6301 -0.0029 -0.3958
 1.1007 -0.1872 -0.1747
 0.0873 -0.2081  0.5354
-0.176   0.5176 -0.2181
-0.0809  1.0352 -0.1342
 0.3897  0.4517  0.9144
 0.9506  0.0719  0.1503
-0.0292  1.3605  1.2095
-0.07    1.0485  0.0573
 0.1754 -0.308  -0.3308
 1.6331  1.5406  0.9215
 1.6263  0.469   1.5675
 0.7996  0.3922  0.5651
 1.5316  0.2877  0.7237
 1.0092  0.0234 -0.1304
 1.2297  0.0926  0.1591
 0.2436  0.4047  0.6368
 1.2686  1.2367  0.3174
 1.5086  0.5011  0.5757
 0.4658  1.5099  0.9447
 0.4458  0.4725  1.0075
 1.1375  0.8042 -0.081 
 0.9986 -0.001   0.3128
 1.4243  1.4159  1.0219
 0.2746  1.4601  1.4338
 1.1067  1.0076  0.4026
 0.2536  1.4452  1.1221
 1.2939 -0.0891  0.0689
 1.6252  0.5702  1.5217
 1.0482  0.9491  0.1933
 0.0869  0.8961 -0.3645
 1.0073  0.0029 -0.046 
 0.9801  0.9724  0.1378
 0.0023  0.0031  0.3333
 1.9345  1.6666  0.7982
 0.4522  0.5286  1.0814
 0.6926  1.9395  0.7778
 1.7756  1.3257  1.202 
 0.1565  0.1097  0.2885
 0.4812  1.4248  1.1493
 1.3815  0.3214  0.8195
-0.1167  0.938  -0.2367
 0.5011  1.5006  0.9943
 0.8953  0.7027 -0.4037
-0.0037 -0.0097  0.026 
 1.8334  1.189   1.1119
-0.141   0.1697  0.0359
 1.2643  0.4373  0.9308
 1.1484  0.0659 -0.0856
 0.4921  0.4679  1.2427
 1.6986  1.0285  1.1744
 1.3058  0.6497  0.9689
 0.2709  0.5049  0.9681
 0.3698  0.6401  0.7669
 0.0362 -0.1032  0.0153
 0.0679  1.1891  0.7841
 1.0031  0.0133  0.0355
 0.8823  1.467   0.9998
 0.5147  1.5014  1.0034
-0.193  -0.2178  0.1099
 0.4882  1.6488  1.4929
 1.2163  0.7338 -0.3104
 0.1073  1.2275  1.1079
 0.5245  1.5142  1.1007
 1.0473  1.0214  0.1742
 0.2309  0.514  -0.012 
 0.9963 -0.0038  0.0109
 0.0746 -0.0275  0.541 
 1.6566  1.5004  1.0934
 1.5324  1.594   1.1166
 0.646   1.3748  0.686 
 1.3028 -0.1962 -0.0851
 1.0007  1.0272 -0.1324
 0.2537  0.8675 -0.5062
 1.4362  0.9679  1.1819
 0.4912  1.4759  1.3933
 0.4638  0.4959  0.6953
 0.9997  1.0004  0.1284
 0.0087  0.9469 -0.0812
 1.4963  0.2888  0.7011
 0.4036  1.3886  0.9259
 1.524   1.66    0.9242
 1.4518  0.5705  1.5509
 0.4636  1.4946  0.879 
 1.4515  0.4342  0.9335
 0.5031  0.5009  1.0001
 1.5001  1.5006  1.0167
 0.5427  0.3571 -0.0209
 0.0617  0.0431 -0.4534
 1.4979  0.5892  1.4697
-0.5003 -0.1469  0.2598
 0.1694  1.1665  0.0709
 0.518   0.4936  0.9672
-0.0097  0.009  -0.0414
 0.4045  0.2348 -0.1644
 1.7297  0.445   1.1459
 0.886   1.0897  0.4992
 0.9856  1.015  -0.0097
 0.0327  0.9312 -0.4474
 1.023   0.191   0.2214
 0.4437  1.4069  1.1207
 1.4949  0.4236  0.8129
 1.3528  1.4831  0.7726
-0.1311  1.3593  0.0469
 0.4562  1.4542  0.9864
 0.6893  1.3094  1.3032
 0.5107  0.498   1.018 
 1.6393  0.3174  1.1503
-0.4424  1.0601 -0.3828
 0.7591  0.5141 -0.0691
 0.8967  1.2609 -0.397 
 1.4843  1.893   1.0123
 1.7049  0.2678  1.1831
-0.1447 -0.0159 -0.2101
 0.8966  1.0007 -0.2475
 0.3069  0.1143 -0.4114
 0.5164  0.4874  1.3382
 1.3279  0.716   1.0755
 1.5711  1.419   1.2759
 0.9117  0.9933  0.1908
-0.0474  0.9348 -0.1173
 1.5011  0.549   0.9632
-0.2098  0.8006 -0.5235
 1.2048  1.5128  0.7885
 1.0838 -0.0282  0.1676
 1.8628  1.4403  0.6724
 0.9261  1.1192 -0.3132
 0.071   0.4573 -0.0049
 0.053   0.1069 -0.0171
 0.0175 -0.01   -0.2764
 1.0602 -0.3077  0.0839
 0.0029  0.9744 -0.0256
-0.3368  0.6723  0.2205
 0.7372  0.2981 -0.0859
 1.5292  0.5997  1.2235
-0.0789  1.0033 -0.0299
 0.9116  0.4669  0.083 
 1.3935  0.6448  1.0608
 0.4985  0.662   0.9537
 1.1015  1.0298  0.1137
 1.6658  0.6398  0.7711
 0.5479  1.4949  1.3216
-0.2256  1.3056 -0.3919
 1.0078  0.9967  0.193 
-0.0077  1.017   0.3569
 1.0831  1.059   0.5389
 1.0178  0.016   0.3148
 0.5333  1.5343  1.3118
 0.3672  1.6988  0.9643
 1.5035  1.5681  0.7765
 0.5062  0.5031  1.4205
 0.0264  1.0864 -0.089 
 0.394   1.5561  1.1512
 1.4698  1.3627  1.1839
 0.1659  0.2199 -0.3378
 0.4147  0.5375  0.8345
 0.6784  0.5058  1.0727
 1.0683  1.0004 -0.0724
-0.4331  0.7593  0.0135
 1.1175 -0.2411  0.0202
 0.3912  0.0029  0.7905
 1.2293  0.5523  1.3997
 0.0475  1.0467  0.079 
-0.0026 -0.009   0.1808
 0.7893 -0.0929  0.2102
 1.4986  1.4881  1.0251
 0.4854  1.4441  0.9748
 0.9738  1.2844 -0.2006
-0.0396  0.1027 -0.1143
 0.7917 -0.0944 -0.2881
 0.9636 -0.0534  0.0511
 0.9159  1.5069  0.6505
-0.2796  1.0819 -0.4073
 0.2026  0.3279 -0.2344
 1.0201 -0.5003 -0.2099
 1.072   0.7634  1.1235
 1.0875  1.1025 -0.0107
 0.1447  0.7348 -0.0997
 1.0742 -0.0092  0.0854
 0.4313  0.3617  1.0261
 0.5014  1.5058  1.2585
-0.0083 -0.0116  0.0723
 1.4951  0.5002  1.0087
 0.5854  0.6841  0.7757
 0.4597  1.5398  1.4043
-0.088  -0.026   0.1524
-0.1837  1.4043 -0.2717
 0.9926  0.9818  0.0212
 1.6553  0.2891  0.7107
 0.5463  0.54    1.0913
 1.0049  1.0102 -0.0101
 1.6962  1.7231  0.8353
-0.0485 -0.017   0.0467
 0.0052  1.0266 -0.1696
 0.5503  1.0026  1.0688
 0.5001  0.4919  0.972 
 0.8585  0.7603 -0.2478
 1.3244  1.2895  1.3917
 0.0302  1.0713  0.3855
 0.0738 -0.0596  0.0867
 0.4417  1.9793  1.3097
-0.1212 -0.3325 -0.3562
 1.6821  0.3383  0.9594
 0.49    1.4835  1.0681
 1.0588  1.3438 -0.3707
 0.0935 -0.0562  0.1009
 0.1225  1.0499  0.4636
-0.0023  1.0022 -0.0026
 0.2308  1.1084 -0.4335
 0.4593  0.584   0.5429
 0.3649  0.4244  0.6057
 1.4623  1.3128  1.5581
-0.2563  0.9    -0.3054
 0.3794 -0.2095 -0.4091
-0.0133  0.9981 -0.1369
 1.5772  1.2989  0.5971
 0.6181  0.5476  0.5136
 0.9999  1.0002  0.0236
 0.5149  1.4956  0.9367
 0.0266  1.0425 -0.3786
 0.4656  0.8075 -0.3136
 1.4276  0.431   0.901 
-0.2063 -0.1232  0.2733
 0.9604 -0.3449  0.445 
 0.4343  0.9337  0.921 
 0.9377  1.2036 -0.2664
 1.0365  0.0587 -0.0869
 0.0728  0.2379  1.1942
 0.1053  0.9203 -0.2291
 0.9553 -0.197   0.0621
 0.9259  0.8941  0.2383
-0.0404  1.1307 -0.1011
 0.5029  0.4951  0.665 
 1.0088  0.0034 -0.0105
 0.5444  0.5096  0.9741
-0.0608  1.3142  0.0625
-0.3056  1.084  -0.3296
 1.2902  0.8872  0.0283
 1.0116  1.0224  0.2648
-0.3687 -0.2893 -0.0711
-0.0268  0.9623 -0.057 
 1.2055  1.1035  0.2607
 0.5071  1.5083  0.7536
-0.5179  1.1044  0.1601
 0.9634  0.0261  0.2495
 1.013   0.901  -0.3723
 0.5314  1.5238  0.9538
 1.5136  0.5767  0.9964
 1.3211  0.7209  1.1125
 0.0939  0.831   0.0765
 0.0168  1.6205  0.667 
-0.2034 -0.3077 -0.354 
 0.6158  0.5945  1.0419
 1.5951  1.6211  1.186 
 1.3498  0.4771  1.4377
 0.9941  0.5017  0.0773
 0.6317  0.4877  1.1427
-0.0292 -0.1571  0.3175
 0.4437  1.2334  1.0534
 1.3925  1.9188  1.1062
 1.0211  1.0361  0.0394
 1.2944  0.8423 -0.0531
 0.4309  1.656   0.7951
 0.9962  0.9965 -0.0017
 0.9567 -0.0207 -0.5454
 0.8849  0.5089  1.0247
 1.118   1.2559 -0.3855
 0.792   0.0232  0.301 
 0.9652  0.9442 -0.1738
 0.5143  1.3847  1.0002
-0.5668  0.8986 -0.0226
 1.5155  0.3036  1.1793
 0.6332  1.8488  0.5903
 0.9822  1.0048  0.0347
 1.6577  0.444   1.3484
 1.514   0.6747  0.744 
 0.5129  0.4077  1.1713
-0.0462  0.9115  0.0425
 0.8738 -0.0624 -0.166 
-0.2288 -0.4364 -0.0451
 0.9854  1.1499 -0.5032
-0.0372  0.9793 -0.0412
-0.3179 -0.3284  0.008 
 0.5067  1.5245  1.1965
 1.5016  1.4999  1.0014
-0.0164  0.0203 -0.2466
 1.159   0.9846  0.0915
 0.0047  0.0513 -0.1792
 1.6847  1.9297  1.0722
 0.3461  0.8373  0.9523
-0.1227  0.9787 -0.0387
-0.1873 -0.1487  0.4708
 0.2553  0.7872  0.1996
-0.1823  0.7302  0.3128
 0.3354  1.6314  0.7858
 1.4389  0.6217  0.8756
 1.2795  0.715   0.8449
-0.3142  1.0414 -0.1002
 0.2443  0.0874  0.0131
 0.7541  1.1297 -0.3164
 1.3897  0.343   1.5167
 0.459   1.1197 -0.1789
-0.0294  0.0767 -0.2847
 1.3931  0.6837  0.8405
 1.588   1.4333  0.6289
 0.1628  0.9995  0.2603
-0.083   1.3822 -0.2637
 1.5771  1.5686  0.5251
 0.5395  1.5085  1.1457
 0.9687  0.1167  0.1576
 0.9941  0.0213  0.0112
 1.3667  0.0383  1.3255
 0.6909  0.1964  0.4041
-0.0424 -0.0296  0.2379
 0.3066  0.2865  0.7436
 0.0373 -0.0349 -0.0944
 0.6149  1.3991  0.9174
 0.4578  1.5419  0.9731
 1.4551  0.4024  1.117 
 1.0623  0.8009  0.1301
 0.5548  1.611   1.0459
-0.0051  0.9657  0.3715
 0.5724  0.3708  1.0909
 0.2142  0.1612  1.2774
 0.1515  0.7201  0.3134
 0.7806  0.4189 -0.2104
 1.0271  0.4774  0.7681
 0.4057  1.5256  0.9259
 1.0562 -0.0572 -0.283 
 1.6718  0.1503  1.3264
 0.1338 -0.0115  0.0521
 1.1686 -0.052  -0.0382
 0.0631 -0.1509  0.1296
 0.7258  1.1017 -0.0474
 0.047  -0.0961  0.3053
 0.4798  1.5103  1.2129
 1.2337  1.0571 -0.2323
 0.5676  0.5055  0.868 
 0.9769  0.5574  0.051 
 0.043   0.1974  0.0895
 1.7024  1.6615  0.7801
 0.5994  2.0339  1.1969
-0.0232  1.0081  0.0868
 0.4993  0.4992  1.1115
 1.7823  0.9747  0.9592
 0.002   0.999  -0.0029
 0.963   0.9993 -0.0199
 0.4945  1.5093  1.0896
 0.9827  1.2479  1.0338
 0.5073 -0.1331 -0.0067
 0.5562  0.5305  1.0452
-0.2182  0.0435 -0.3528
 0.5445  1.4784  0.9786
 1.0012 -0.0403 -0.0163
 0.5748  0.7148 -0.0746
 0.5293  1.3896  0.5138
 0.3468  0.5673  1.1887
 1.4756  1.5279  0.58  
 0.0141  1.0175  0.0681
 0.5138  0.4992  0.6921
 1.0276 -0.1203  0.0533
-0.0377  0.7479  0.201 
 0.2732  1.9716  0.8274
-0.1916 -0.5195  0.0799
 0.4563  1.3935  1.0232
-0.0493  0.0096 -0.2253
 1.5978  1.4899  0.9433
-0.391   0.7632  0.2725
-0.0164  1.1514  0.0136
 1.5002  1.4999  1.0041
 0.3815  1.0634 -0.0999
 0.9334  0.3975  0.1393
 1.1813  1.2134  1.0102
 1.6893  1.9143  0.6283
 1.0725  1.0255  0.0163
 0.0879  0.8671  0.3851
-0.0005 -0.001  -0.039 
 0.3959  0.5813  0.6103
-0.0045  0.0026 -0.0277
 1.4772  0.4635  1.3162
 0.5934  1.53    0.9784
-0.009   0.0065  0.1045
 1.5709  0.6335  0.9885
 0.108   0.7571  0.8748
 0.5827  0.6253  1.5491
 0.9708  1.047   0.0235
 0.9963  1.0091  0.3501
 0.1337  1.2506  1.2155
 1.1618  0.993  -0.4206
 1.1711  1.0063  0.0288
 0.7065  0.6186  1.1422
-0.0056  0.9983  0.1198
 0.6518  1.4878  0.7558
 0.6805  0.0464  0.9929
 1.5523  1.7368  1.4882
 1.0069 -0.0668 -0.1834
 0.8038  1.0471 -0.0291
 1.3266  1.3026  0.8082
 0.0742  0.4847  0.6223
 1.0291  1.0245  0.5392
 0.1966  0.0284  0.4337
 1.4587  0.5516  0.6873
-0.039  -0.1045 -0.1922
 1.1     1.2781  0.9843
 1.4938  0.5049  0.9896
 1.6722  0.009   0.7928
 0.1204 -0.0798  0.3269
 0.2346  1.2858 -0.0898
 1.6248  1.4572  1.3765
-0.1662  0.0165 -0.5367
 1.4343  1.7777  0.9131
 0.5108  1.5949  0.7702
-0.1938 -0.1339  0.0666
 0.5252  1.3943  1.0937
 1.0077 -0.1338  0.4683
 0.5507  1.7279  0.9237
 1.55    1.5748  0.8063
-0.1634 -0.1912  0.151 
 0.4982  0.5111  0.5011
 1.4381  1.1735 -0.2665
 0.1983  0.7613  1.2981
-0.0266  0.0112  0.0107
 0.5353  0.507   1.1857
 0.9952  1.1778  0.1887
 0.4926  0.518   0.7025
 1.4346  1.5327  1.2881
 1.3057  0.9274  0.4705
 0.0334  1.0072  0.3135
 1.0428 -0.0244  0.0498
 1.5056  0.4705  0.781 
 0.4314  0.6428  0.7716
-0.1512  0.8654 -0.509 
 0.482   1.5843  0.9339
 1.1593  0.5823 -0.0207
 0.9985  0.9945 -0.2531
 0.6974  1.854   1.1955
-0.0684  0.8661 -0.1741
 1.2614  1.62    0.9325
 0.4277 -0.0893  0.2054
 0.5001  0.5001  1.0557
 0.0712  0.9387 -0.0143
 1.2458  1.1294 -0.0015
-0.0786 -0.1725 -0.3452
-0.1952  1.1982  0.3846
 0.8021  1.237   0.6488
 0.0694  0.4452  0.6902
 1.1548  1.7727  1.2489
 1.0185  0.0062  0.2525
 1.6649  1.7008  0.7945
-0.292   0.7792  0.0588
 1.3821  1.7333  0.6148
 0.1506 -0.0316 -0.0707
 0.7345  1.8294  1.1705
 1.2688  0.3802 -0.3773
 1.2652  0.8372  0.0861
 1.1764  0.9477 -0.1576
 0.0092 -0.0226  0.0404
 1.5381  1.5101  1.2434
 1.4986  1.4813  0.642 
 1.1663  1.0447  0.401 
-0.0608  0.7418 -0.0838
-0.3335 -0.0156 -0.0466
 1.0431  0.0034  0.4316
 1.1128  1.4222  0.1187
 0.1545  1.2977  0.4118
 1.0168  1.0229  0.0474
 1.5394  0.3918  0.4149
 1.4412  0.256   0.1375
 1.2554  0.2764  0.323 
 0.689   1.4329  0.6637
 0.9019  0.9353  0.1989
-0.1076  0.266   0.2406
 0.4831  1.3492  0.9494
 0.8513  0.2408  1.1558
 1.6862  0.974   0.8356
 0.6196  1.2266  0.2696
-0.0035  1.0255  0.0604
 0.9658  1.0443 -0.5619
 0.7831  1.3803  0.1203
 1.4376  0.5321  1.1603
 0.9585  0.945  -0.0091
 1.5188  0.5356  0.9933
 0.8206  0.9573  0.0608
 1.2986  0.9667  1.0262
 0.4     0.413   0.4665
-0.0646  0.7389  0.3174
 1.1315  1.6936  1.0998
 0.2599  0.4308  0.7774
 0.4654  1.9715  1.016 
 1.3367  0.6466  1.1496
 0.8118  0.9601  0.5261
 1.8446  1.7679  1.1928
-0.0149 -0.0003 -0.3039
 0.5108  0.4904  0.9837
-0.0216  0.0329 -0.043 
 1.2962 -0.0175 -0.4294
 0.0534  0.1386 -0.1454
-0.0168  1.2636 -0.2547
 0.0465  1.3681  0.2877
-0.2723  0.1625  0.4467
 1.1575  0.9015  0.3427
 0.0018  1.0028 -0.0007
 0.8091  1.1938  0.1296
 0.9763 -0.0119 -0.1402
 0.4458  0.6265  0.5642
-0.0252  0.9997  0.0127
 0.0562 -0.0482  0.0826
 1.0636  0.0054  0.1112
-0.001   0.0009  0.0068
 0.2753  1.9588  0.9092
 1.164   0.8583 -0.2606
-0.1067  0.1647 -0.0063
 0.4222  1.4957  0.9538
 1.1689  0.4675 -0.1688
 0.516   1.0482  0.1132
-0.0122  0.8335 -0.0867
 1.4984  1.4783  1.0901
 1.4658  0.8353  0.5222
 0.8571 -0.1107  0.2046
 0.9112 -0.1148 -0.0434
 0.9415  1.0747 -0.1107
-0.0012  1.0015 -0.0001
 0.4879  0.5023  0.9987
-0.2558  0.1175 -0.1305
 1.5446  0.5144  1.5114
 1.5949  1.5104  0.4349
 0.5398  1.5477  0.9365
 0.4274  0.5111  0.5875
 0.0068  0.9788  0.0554
-0.1186  0.744   0.0169
 1.4385  1.5524  1.5596
 0.4872  1.5077  1.4203
 1.5671 -0.14    0.073 
 1.5263  0.5805  0.4187
 0.517   0.5066  0.6516
 0.9847 -0.0412 -0.1107
 0.0032  0.9683  0.1223
 0.6403  0.4878  1.22  
 1.0378  1.3381 -0.3005
 0.4311  1.2374  0.244 
 0.019   1.0934 -0.0384
-0.057   0.0621  0.2994
 0.6149  1.6996  1.0448
 1.0343  1.0239 -0.2839
 0.7975 -0.2024  0.0056
 0.5036  1.7361  1.1295
 0.3318  0.3684  0.7658
 0.0075  0.0021  0.005 
 1.5123  1.5897  0.8501
 1.2421  0.3285  0.9645
 0.0631 -0.2224  0.3999
 0.2138  0.5377  0.7322
 0.3897  1.4808  1.294 
 0.9947  1.001  -0.0019
-0.0274  0.9918 -0.5605
 0.9897  1.0095  0.0087
 1.0256 -0.0113 -0.4399
-0.1592  0.9091 -0.1636
-0.2472  0.3383  0.0229
 0.1023  0.8528  0.4998
 0.024   1.0086 -0.1716
 0.9199  0.13   -0.3573
-0.0366 -0.0354 -0.0787
 0.9637 -0.1402  0.1273
 1.0126  0.9799 -0.275 
-0.0194  1.0194  0.3033
 0.63    0.4776  1.1784
 0.5015  1.4944  0.857 
 0.9913  0.9499  0.357 
 0.4756  0.5327  1.1019
 1.4072  1.6696  1.2426
 0.8152  0.0687  0.0301
 0.8595  0.3555 -0.2458
 1.0009 -0.0162 -0.0933
 1.4277  0.5026  1.1636
 0.4687  0.4986  1.0648
 1.0487 -0.257  -0.3303
 1.1569  0.2261  0.8551
 0.5001  1.5017  1.0009
 0.5135  0.5013  0.982 
 1.3094 -0.1555  0.0131
 0.0096  0.0216  0.021 
 1.1728 -0.2848  0.0775
 1.1582  0.8766  0.5243
 2.0624  0.6522  0.8583
 0.4884  1.5226  0.996 
 1.2786  1.0275 -0.1789
 0.9978 -0.1901 -0.054 
 0.6815  0.9764 -0.2083
 1.3917  0.6123  0.684 
 1.3682  0.2137  1.4162
 1.5306  1.5282  0.8607
-0.0571  1.0931  0.1704
 0.3283 -0.1456  0.0246
 0.3169  0.2512  1.5089
-0.0571  0.694   0.3394
 1.5382  0.491   1.0387
 1.9757  0.2753  0.9147
 0.1352  0.1544 -0.5359
 0.4413  1.5361  0.7084
 0.8068  0.8404 -0.1015
 0.3358  1.5746  0.5267
 0.1332  1.4586  1.4555
 1.5443  1.6203  1.1864
 1.5054  0.4904  1.0805
-0.0219  0.0318  0.4585
 0.8966  1.0096  0.0561
 0.3185  1.5421  0.7371
 0.4265  1.3973  1.4151
 0.6964  0.2272  0.9784
 0.4612  1.4866  0.4857
 0.2776  1.7101  0.958 
 0.9773  1.0274  0.0629
 0.2972  1.4494 -0.1668
-0.1206  1.1826  0.1588
 0.9841  0.946  -0.3969
-0.0018  0.9979 -0.0002
 0.0166  1.0096 -0.0015
 1.3316 -0.1017 -0.1573
 0.8238  0.8385  0.4386
 1.4688  0.5665  1.0488
 0.9133  1.2893 -0.5079
 0.5197  1.5493  1.3195
-0.0603  0.1083  0.4269
 1.0619  1.013   0.0043
 0.5291 -0.1966  0.1062
 0.6918  0.4587  0.8351
-0.1409  0.9903  0.2178
 1.2289  0.2883  0.8994
-0.0501  0.6261  0.1477
 0.4423  1.5038  1.0625
 0.1212  0.883  -0.1615
 0.6911  0.9787 -0.0079
 0.7542  1.0637 -0.4101
 0.5156  0.4668  1.2861
 0.5431  1.2503  1.0732
 1.3306  0.6428  0.71  
 0.5078  1.4826  0.6242
 0.5217  0.2827  1.4513
 1.5153  1.5184  0.5503
 0.0642  0.0332 -0.3016
-0.0434  0.1297  0.2804
 0.0595  1.1105  0.1444
 1.1759  0.0705  0.7495
 0.9183 -0.0939  0.1533
 0.3224  1.2161  0.5229
 0.6524  1.8699  1.0402
-0.3151  0.2043  0.3597
 0.0046  0.9941  0.02  
 0.5008  0.5015  0.9769
 0.2566  1.5571  0.8699
 0.9912  0.0005 -0.4538
-0.0513  0.0237  0.3248
 0.6014  1.2918  0.6866
 1.5564  1.522   0.6898
 1.4492  0.6626  0.4648
 1.5462  0.4968  1.0382
 1.0396  0.0403 -0.4995
 0.9079  1.919   0.95  
 0.942   0.0594 -0.1217
-0.2529  1.0753 -0.2212
 1.8145  1.3357  0.6867
 1.4648  1.4695  1.0432
-0.2888 -0.4495  0.1429
 0.6703  0.1274  0.8134
 1.7627  1.3204  1.0886
 1.4444  1.5826  0.8805
 1.5255  0.5809  0.995 
-0.0052 -0.0232  0.0411
 1.3367  0.8986 -0.0621
-0.0696  0.0567 -0.382 
 0.5949  1.8545  1.3601
 1.3015  0.2586 -0.1391
-0.1413  0.2422 -0.1228
-0.0216 -0.0051 -0.1836
 0.504   0.4942  0.9982
 1.3405  0.4642  0.624 
 0.107   0.5077  1.3374
 0.0279  1.1903  0.2174
 0.5059  0.3631  0.4985
 0.5272  1.6076  1.032 
 0.5989  1.0866 -0.2921
 1.6167  1.8236  0.8375
 0.4994  1.4909  1.0   
 0.4833  0.2035  0.4847
-0.0936  0.9604 -0.4215
-0.0576  1.003  -0.2524
 1.3156  1.548   0.7342
 1.4901  0.5109  1.0375
 0.7158  1.6215  1.0079
 1.6731  0.0189  1.2447
 0.8851  0.6939  0.4054
 1.885   0.3233  1.2485
 1.498   0.4339  0.9933
 1.8383  0.8951  0.8304
 0.4405  0.2306  0.0593
-0.0894  0.3631  0.0867
 0.9653  0.0321  0.0254
 0.7668  0.9922  0.154 
 0.0366  0.1591 -0.2769
 1.5599  1.5788  0.7852
 0.5029  1.4946  0.9799
 1.6413  0.3609  0.8993
 0.9513  1.0171  0.065 
 0.9267  0.9876 -0.0338
-0.1025  0.969   0.2184
-0.4264  0.0356 -0.4132
 1.483   1.6542  0.7036
 1.4642  1.4442  0.8548
 0.6908  0.3691  0.8859
 1.472   1.6114  0.9896
-0.0165  1.1726 -0.2002
 0.489   0.2321  0.9996
-0.0071  0.001   0.0714
 1.2041  0.3691  1.0504
 0.9202 -0.0728  0.0517
 0.1283  0.3319  1.2625
 0.5561  0.0709 -0.0826
 1.3121  0.3899  1.2284
-0.0118  0.2996  0.4893
 0.6243  1.2621  1.0491
-0.0152 -0.0246 -0.0875
 1.4796  1.4833  0.943 
 1.3324  1.3121 -0.151 
 0.8247  0.0333  0.2906
 0.7661  0.9218  0.0683
 1.4478  0.4896  0.9211
 1.0447  0.9784 -0.1363
 0.8726  0.7386  0.1998
 1.239   0.2156 -0.2613
 1.4737  1.5288  1.0831
 0.4381  0.5327  0.9469
 0.9143  1.1161  0.8259
 0.0319  0.9753 -0.1395
 1.0048 -0.0013  0.1594
 1.0058  0.0329  0.4587
 0.4165  0.2432  0.7263
 1.1072  1.003  -0.0079
 0.3494  1.3707  1.1389
 0.0009 -0.0009  0.0232
 0.5664  0.5058  0.9262
 1.3333  0.0609 -0.2088
 1.5047  0.4912  0.9609
 0.5149  0.4701  0.9364
 1.5207  1.4965  1.0036
 1.5218  1.4024  1.1388
 1.4064  0.2282  0.8943
 1.6493  1.1433  0.9302
 1.0085  0.0018 -0.3208
 0.8469  1.0797  0.3728
 1.0003  0.9997  0.0034
 1.0135  1.0418  0.2535
 0.3334 -0.2806  0.2577
 0.3265  0.8388  0.7148
-0.2443  0.5894  0.0529
 0.4837  1.4937  0.9495
 0.4738  0.3705  0.9487
 0.4647  0.4982  1.0328
 1.5126  1.5205  1.0867
 0.8369  1.6197  1.1859
 1.1503  0.2874 -0.4495
-0.0451  0.597  -0.1411
 0.4878  1.281  -0.0035
 1.5632  1.6574  0.8365
 0.522   0.1558  0.0314
 0.837   0.1492 -0.3205
 1.0042  0.0019 -0.2473
 0.6593  1.4779  0.5353
 0.3647  1.6052  0.874 
 0.9778  1.0123  0.0393
 0.7233 -0.2291 -0.024 
 0.0254  0.9806 -0.0539
 0.4176  0.2967  1.1244
 1.206   0.1936  0.5272
 0.5277  0.514   0.6364
-0.102   0.1479 -0.1935
 1.4846  0.5005  1.0689
 1.4861  1.8688  0.7257
 1.0381  0.0544 -0.0805
 1.3558  0.3912  1.0385
 0.0681  0.0742  0.4751
 0.2511  1.0382  0.4275
 0.4683  1.5169  0.9921
-0.0382  0.9731 -0.0997
 1.0055  0.992   0.0052
 1.5724  1.4149  1.2294
 1.5372  1.5379  0.6582
 1.5414  0.5016  0.4542
-0.1375  1.0359  0.1829
 0.011   0.0241 -0.155 
-0.0583 -0.0265 -0.2727
 0.4774 -0.2907  0.1376
 1.1423 -0.0943 -0.3085
 0.7433  1.9038  0.8691
 0.9762  0.023   0.2603
 0.3317  1.5757  1.0947
 0.4579  0.5064  0.9019
 1.409   0.4899  0.9509
 0.0512  0.094  -0.0054
 1.5265  1.5025  1.078 
 0.4484  0.5207  0.7864
 0.5001  1.5     1.0091
 0.9764 -0.1146 -0.1748
 0.0334 -0.0868 -0.1885
 0.5977  1.7166  0.854 
 0.9063  0.878  -0.4891
 0.7391  0.3975  0.7673
 0.9264  0.0659 -0.0409
 0.0773  0.2878  0.0178
 0.5274  1.4822  0.9331
 1.5326  1.5182  0.9429
 0.7911 -0.2981 -0.1929
 0.8982  1.2035 -0.1501
 0.7458  1.3205  0.7998
 0.929   1.105   0.1414
-0.4015 -0.1345  0.3089
 1.2922  1.4607  0.877 
 1.8703  0.567   0.9196
-0.3674  1.0164  0.1871
 0.993   1.0975 -0.0412
 0.5033  1.5083  0.9898
 1.518   1.5069  1.1452
 0.0236  0.0027 -0.2912
-0.2781  0.8686  0.5125
 1.5529  1.4225  0.8283
 1.2573  0.5608  0.9828
 1.4758  1.6893  0.7603
 0.948   0.0474  0.2311
 0.8694 -0.1585 -0.0654
 1.5563  0.5269  0.8186
 1.1653  1.1273  1.0057
 0.5123  1.5059  0.9009
-0.2163 -0.1987 -0.1144
 1.2876  1.5848  1.2264
 1.5028  1.504   1.093 
-0.1812  1.0902 -0.2462
 0.1349 -0.0059  0.4717
 1.5409  0.6342  1.0907
-0.1988  0.2668  0.0895
 0.0857  0.9701  0.0007
 0.4888  1.5184  0.9541
 1.4951  0.4986  1.204 
 0.2857  1.2939  1.1684
 0.5136  0.4573  0.9749
 1.5436  0.5402  1.0444
 0.5098  0.5144  1.4643
 0.0534  0.242   0.3971
 1.6682  1.645   1.3063
 0.6226  0.2599  1.1323
 0.5304  1.453   1.4027
 1.1013  0.8994  0.1107
 0.4079  1.6006  0.9651
 0.4923  0.4943  1.0179
 1.6226  1.363   1.3758
 1.6401  0.4849  1.0491
 0.9981  1.015  -0.0254
 0.8791  1.4531  1.3238
 0.4836  0.4925  0.9591
 0.4623  0.7402  0.9494
 0.4508 -0.0011 -0.0782
 0.6553  0.5216  0.7212
-0.0225 -0.0116 -0.0009
-0.0148  0.7679  0.8912
 1.8     0.0947  0.825 
 1.4861  0.5361  1.1682
 1.0041  0.0653 -0.0725
 1.6955  0.5102  0.9549
 1.3235  1.4831  1.5695
 0.9943  1.1069  0.0223
 0.071   0.0464 -0.0742
 1.6021  1.4907  1.2393
 0.6367 -0.1238  0.2902
 0.7313  0.6904  1.3319
-0.0002  1.0018  0.296 
 0.9251  1.151   0.2178
 1.5315  0.4701  0.7333
 0.4988  1.5047  1.0169
 0.5007  1.5003  1.0023
 0.4833  1.5049  1.2645
 1.5048  1.3077  0.0192
 0.1002  0.9353 -0.1324
 1.3695  0.2486 -0.1128
 0.5866  0.8978  0.0591
 0.4793  1.458   1.0617
 0.0206  0.0015 -0.0863
 0.0738  1.082   0.3905
-0.0317  0.984   0.5431
 1.1564 -0.0515  0.065 
 0.9456  0.9585 -0.1411
-0.0096  0.1269 -0.1534
-0.0118 -0.0143  0.1335
-0.0007  1.002  -0.0218
 0.0278 -0.0336  0.0507
 0.0127  1.0561 -0.0854
 0.4778  1.5185  0.9629
-0.0007  0.6007 -0.0901
 1.1389  0.3437  0.0151
 0.5107  0.5452  1.2594
 1.4555  1.4875  1.0146
 0.9604  0.0478 -0.1546
 0.3021  1.1727  0.1576
 0.0068 -0.0148  0.0013
-0.354   0.3276 -0.3248
 1.1045  1.0063  0.0346
 1.6117  0.5141  1.2353
-0.0814 -0.0032 -0.0475
 0.1422  1.5063  0.7747
 0.1648  0.1429  0.0623
 0.0643  0.1557  0.2087
 0.5663  0.5524  1.0267
 1.5241  1.3232  0.6012
-0.0134 -0.0352  0.0971
-0.0612  0.9818 -0.5021
 1.0543 -0.0001  0.1328
 1.5759  0.3988  0.9677
 0.3486  0.1128 -0.2218
 0.0005  0.9377 -0.1403
 0.4182  1.4647  0.9515
 0.6712  1.5727  0.9157
-0.0759  0.9342  0.0761
 0.4993  0.4983  0.999 
 0.7709  1.7822  0.745 
 0.0035  0.9377 -0.3442
 0.9052 -0.2543  0.2713
 1.0495  1.4681  0.6527
 1.4912  0.4467  0.8849
 0.4525  1.512   1.3531
 0.009   0.0528 -0.3859
 0.7821 -0.0945  0.0108
 1.2676  0.1963  0.5385
 0.9432  1.2538 -0.1854
 0.9662 -0.0582  0.0529
 0.0061  1.2327 -0.5008
 1.0625  1.001  -0.021 
 1.5197  0.3922  1.1229
 1.0495  0.0956 -0.4562
 1.5377  1.5782  0.9462
 0.3561  1.354   0.5079
 1.546   1.4967  0.951 
 0.0071  0.9729 -0.0817
 0.0731  0.0827 -0.2028
 0.8916  1.3363 -0.1641
 0.5851  0.0749  0.6312
 0.0005  0.0072  0.0639
 0.0923  0.9886 -0.0385
-0.0559  1.1033 -0.0363
 1.0481  1.4275  0.2727
 0.4122  0.2764  0.3091
 0.0323  1.0854  0.1058
-0.0293  1.0428  0.1409
 0.9211  0.9905 -0.4434
-0.1774  0.1364 -0.3754
-0.0048  0.9849  0.0732
-0.0094 -0.0245 -0.2281
 0.6532 -0.1346 -0.2206
 0.0368  1.176  -0.1967
-0.1995  0.8495 -0.0663
 1.5     1.5849  0.9631
 1.188   1.2409  0.2068
-0.1893  1.5161  0.1581
 0.5513  1.4772  1.2217
 0.4336  1.669   0.556 
 0.0592  1.0327  0.0768
 0.0601 -0.0842  0.0923
-0.0098  1.0253  0.0133
 0.655   1.7427  1.4165
 0.355   0.6427  0.9438
 1.3106  1.0749 -0.1505
 1.4505  0.4937  1.0457
 0.0513 -0.0671  0.1644
 0.7975  0.2571  1.1369
 0.0133  1.0073  0.0302
-0.3438  0.9406  0.0418
 0.7223  1.0325  0.8481
 1.2664  1.4564  1.323 
 0.0605  0.0283 -0.2506
 1.2803 -0.3174 -0.3878
 0.4797  1.5559  1.24  
 0.4225  0.3891 -0.087 
 1.3394  0.0326  0.7222
 0.645   1.5709  1.0234
