3000 2
0.9977 -0.5567 
-0.7684 0.1285 
-1.0297 0.1789 
1.1408 0.5078 
0.1359 -0.6297 
-0.914 0.6222 
-0.7241 -1.0655 
-0.072 -1.2199 
0.0813 0.299 
0.8978 -0.0122 
0.8941 0.082 
-0.9866 -0.5389 
0.1882 -1.4556 
-0.0853 0.0311 
-0.2999 -0.3347 
-0.9422 0.2011 
0.7513 -0.4914 
0.1625 0.0995 
-0.0012 -0.5065 
-0.8234 -0.215 
-0.8915 -0.0971 
-1.1463 -0.3993 
0.1029 -0.0629 
1.0192 0.0366 
-1.1093 -0.8565 
-0.0871 0.0823 
-0.1004 0.4478 
-1.1207 0.4644 
-0.1239 0.0453 
-0.0316 -0.1856 
1.1487 -0.0507 
-0.9731 -0.0627 
-1.1783 0.3209 
-0.9833 -0.4377 
-0.9283 0.7467 
0.0289 -0.175 
-0.0777 1.0614 
-0.0145 -0.6227 
-0.954 -0.7176 
-0.2303 0.0281 
-0.9827 0.1009 
-0.0989 -0.4704 
1.0056 0.1771 
-0.737 0.4069 
0.8973 -0.1811 
1.0639 0.9238 
0.7663 0.2106 
-0.0829 -0.0413 
1.02 0.2281 
0.8853 0.2706 
-1.1092 -0.0286 
-0.9084 -0.6156 
0.9409 0.0625 
-0.241 -0.4077 
1.187 -0.2427 
-0.0226 0.9838 
-0.0735 0.314 
0.7924 -0.0613 
0.0872 0.7471 
-1.081 0.2012 
-1.0116 0.3773 
-1.1845 -0.3633 
-1.2647 -0.0906 
-0.76 -0.4782 
-0.1183 0.2084 
-1.1681 -0.6443 
-0.2039 -0.3983 
0.0801 -0.6723 
-0.0751 -0.3559 
-0.9019 0.3211 
-0.3494 0.476 
-0.8057 -0.1766 
0.9255 0.3563 
-0.8956 1.0509 
1.1766 -0.3128 
-0.0584 -0.3511 
1.0177 -1.3842 
-0.9222 -0.3049 
1.0793 -0.0131 
0.9472 0.813 
0.1807 0.4752 
-0.8569 0.0573 
1.0204 0.2883 
-0.6951 0.1745 
0.1238 0.5307 
-0.0171 -0.9459 
1.1945 0.1739 
1.1346 0.3219 
0.1892 -1.3065 
0.0526 0.2067 
1.0645 0.2984 
0.1821 0.8199 
-0.094 0.4825 
-1.2389 0.5807 
-1.0779 0.241 
0.0271 0.1325 
0.07 0.13 
0.0744 -0.0649 
0.9469 -0.4175 
-1.2507 0.4416 
0.7816 -0.4532 
-0.9548 0.251 
-1.0694 0.0562 
1.3284 -1.5155 
0.0401 -0.1708 
-0.1132 0.6572 
-1.1853 0.3794 
0.0874 -0.2298 
1.0684 -0.3127 
-1.3064 0.4841 
-0.9811 0.5225 
-0.02 0.1102 
1.0295 -0.1705 
-1.1428 -0.0688 
-1.1812 -0.4255 
1.1329 0.3677 
0.8819 -0.0184 
-0.813 -0.7008 
-1.0586 0.3242 
1.1186 -0.5137 
0.8545 1.3527 
-0.1863 -0.7599 
-0.8999 -0.5944 
-1.1041 -0.6759 
-0.1411 0.1431 
-1.0974 -0.7155 
-1.1469 0.4325 
1.0966 0.1001 
-1.172 -0.0284 
-1.2526 0.4507 
0.9231 -0.5183 
-1.2233 1.0219 
-0.2536 0.1334 
0.9489 -0.3364 
1.0342 0.5987 
1.0549 -0.3783 
1.1569 -0.9818 
0.2466 -0.6081 
0.9456 0.6959 
-1.1224 0.006 
0.025 0.1361 
0.904 -0.028 
1.2148 -0.3118 
0.0246 -0.6567 
1.2132 -0.7976 
-0.0216 0.6334 
0.9056 -0.3725 
-0.8626 1.2042 
1.3726 0.4985 
1.0172 0.6844 
0.8504 0.2737 
-0.1658 0.0408 
0.9225 0.0833 
1.1088 -1.0746 
1.0916 0.5034 
0.1966 0.4764 
0.1342 -0.4795 
0.0671 0.5289 
-1.1518 -0.37 
-0.1196 0.9997 
1.0897 -0.2369 
1.0168 0.1789 
-1.1626 -0.7608 
-1.0577 -0.5019 
0.0199 0.4861 
1.1966 0.7263 
0.9414 0.246 
-0.884 -0.3994 
-0.8629 -0.9425 
-0.2499 -0.7725 
-0.8908 -0.2504 
-0.03 -0.2497 
0.9536 -0.288 
-1.3725 -0.764 
-1.0107 -0.2955 
0.0277 0.143 
0.7494 -0.2039 
0.0832 0.5589 
-0.8195 0.5395 
0.976 0.046 
-0.9369 0.8104 
0.2291 0.1028 
1.1164 0.6126 
0.1503 -0.3131 
1.0458 0.2896 
0.2045 -0.4502 
-0.9483 -0.4397 
-1.1467 0.2442 
0.9891 -0.1984 
0.1658 -0.258 
-1.1388 0.8759 
0.9556 -0.4958 
-0.9752 -0.4639 
-1.0103 0.2465 
-1.2088 0.4205 
-1.0154 0.6399 
0.1235 0.333 
-0.9059 0.1868 
-0.6669 0.2638 
-1.1151 -0.0052 
-0.3567 0.1926 
0.7922 -0.2595 
1.2505 0.0949 
-1.0334 0.1178 
-0.8726 0.3483 
0.8257 0.3996 
0.9277 -0.3058 
1.051 -0.2252 
-1.1947 1.3578 
1.2228 -0.1584 
0.1526 0.2061 
-0.1733 -0.2418 
0.913 -0.5931 
0.1238 -0.8001 
-0.9793 -0.444 
0.1049 -0.3864 
0.8683 0.3724 
0.7875 -0.6174 
-1.24 0.1075 
1.0438 0.3571 
0.9602 -0.2619 
-0.1557 0.2605 
1.1303 -0.0759 
1.1523 0.0525 
0.9813 -0.504 
-1.1866 -0.2502 
0.7866 -0.4027 
0.9835 -0.0634 
0.9044 -1.1362 
-1.1113 0.1595 
-0.9953 0.979 
0.9822 -0.0949 
0.0712 0.3041 
-1.2551 0.8365 
0.1543 0.0334 
0.8272 0.0286 
-0.0824 -0.6564 
1.0396 -0.3159 
-0.8941 -0.0296 
-1.0395 0.0471 
0.1005 -0.1227 
-0.0035 1.3352 
1.1712 -0.4955 
0.0576 -0.8209 
-1.1976 -0.3774 
-0.8997 1.4832 
-1.0427 -0.5389 
-1.0988 -0.1398 
0.1824 -0.6187 
1.057 -0.3635 
-0.9561 -0.2873 
0.0179 -0.0868 
0.9276 -0.2112 
1.1629 0.0244 
0.8702 0.5448 
-0.0426 -0.086 
0.1254 -0.7694 
-0.845 -0.4938 
-1.132 -0.4102 
-0.0096 0.4984 
-0.8052 -1.0439 
-0.8772 0.5596 
-1.1825 -0.6241 
-0.0486 -0.1236 
1.0745 -0.8957 
-0.8685 0.3043 
0.0768 -0.1753 
-1.1635 -0.3904 
0.8769 -0.7214 
-1.2138 -0.2103 
0.141 0.4176 
-0.162 0.49 
-1.1207 0.3937 
-1.1073 -0.6867 
1.2367 -0.4055 
-0.9702 -0.1555 
-0.0745 -0.9737 
0.1401 -0.2821 
-0.1275 0.4997 
0.9689 -0.3536 
0.9169 -0.8471 
0.7757 0.5676 
0.9662 0.935 
1.0191 0.8008 
-0.0213 -0.9223 
-0.95 0.9879 
0.0606 -0.6112 
-0.9913 0.4987 
-1.0223 -0.3938 
0.9875 -0.3108 
-1.1687 0.0718 
1.1503 1.2997 
-0.1511 0.7868 
1.0386 -0.1233 
0.9265 1.1143 
-0.0491 0.3889 
-0.1681 0.9249 
-0.987 -0.2871 
1.0451 -0.6781 
-0.9281 0.0248 
-0.7422 -0.1633 
-1.0061 -0.1183 
-1.1622 -1.141 
-0.7511 1.2402 
-0.956 -0.0041 
1.3342 -0.6588 
1.0754 -0.5252 
-0.0133 0.9382 
-0.2964 -0.1885 
1.1972 -0.1742 
-0.897 0.1957 
-0.9924 -0.0632 
-1.1561 1.2254 
1.1893 0.1578 
1.1958 0.2077 
1.126 -0.2449 
-0.9445 0.5599 
-0.8653 0.2947 
-1.0897 -0.7872 
0.0979 0.4562 
-1.0759 0.2553 
-0.8763 -0.8705 
-0.0971 0.2794 
-0.9342 0.1979 
-0.1267 -0.127 
-1.0126 0.162 
1.348 -0.1162 
1.104 0.8135 
-0.8942 0.3995 
-0.8405 -0.769 
0.7735 0.9593 
0.0039 -0.3383 
-1.282 -0.1701 
-0.0407 0.9511 
1.0637 -0.2814 
-0.1169 -0.9158 
0.7952 0.9214 
-0.0903 -0.7833 
-1.0067 0.0254 
0.0007 -0.338 
-1.0355 -1.1753 
-1.0701 0.1424 
-0.1714 0.0341 
-0.8237 -0.4102 
1.1253 -0.3266 
-1.4029 -0.4743 
-0.9911 0.6268 
-0.905 -0.2234 
1.1442 0.878 
0.1121 0.9447 
1.2013 -1.1042 
0.2999 0.7647 
0.0911 0.2021 
0.1804 -0.2189 
-0.1019 -0.6421 
-1.1331 1.1095 
-1.1657 0.0945 
1.2222 -0.4867 
0.1579 0.2891 
-0.0194 0.3433 
-0.0389 0.6239 
0.0083 0.0012 
0.0593 -0.0186 
0.1252 0.5622 
-0.8491 0.6934 
-0.88 0.3924 
-0.7785 0.0216 
-0.9217 -0.9125 
-0.9096 0.0428 
-0.0011 0.4941 
-1.2864 0.8304 
-0.9708 -0.1747 
0.1646 0.1246 
0.1118 1.062 
0.0132 0.6901 
0.9845 0.1805 
0.201 0.6998 
-0.2036 -0.4771 
-0.8891 0.7006 
-0.1573 -0.238 
0.9302 -0.8302 
0.152 0.34 
0.0636 -0.4804 
0.0032 0.3674 
-1.1509 -0.5278 
0.9905 0.5027 
0.8786 0.6931 
0.0612 -0.9814 
0.0933 1.2873 
1.2061 -0.8922 
0.1403 0.0912 
-1.005 0.3225 
1.0786 -0.5147 
0.0012 1.494 
0.2016 0.2803 
1.0651 -0.4543 
0.159 0.8181 
0.2503 0.179 
0.1165 -0.0787 
0.7706 -0.0678 
-0.7815 -0.2544 
1.2354 -0.0288 
0.7146 0.7657 
-0.9262 0.3546 
-0.1672 0.7748 
1.0482 -0.4435 
1.1255 0.3207 
0.8443 -1.1684 
-0.9011 0.4088 
0.8827 -0.003 
-1.0955 -0.3219 
0.8178 -0.0256 
0.9925 0.7341 
0.9218 0.3868 
0.1248 -0.6087 
1.3085 -0.2112 
0.8062 0.0595 
0.0998 -0.064 
-0.9718 -0.4579 
-0.9386 0.3132 
-0.7482 0.0723 
-0.9628 -0.2262 
-0.0361 -0.2161 
-0.8158 0.1367 
-0.1002 -0.0598 
1.0887 -0.1491 
-0.8971 -0.289 
-0.1922 -1.0454 
0.0988 0.0237 
-0.0633 -1.0491 
0.8313 1.5696 
-0.9506 -0.4937 
0.7952 -0.0703 
0.8911 -0.2124 
0.0485 -0.4462 
-1.0165 -0.2142 
1.0322 0.5802 
-0.9752 -0.1107 
-1.0116 -0.4427 
0.1575 0.4855 
-0.8683 0.7379 
-0.063 0.3115 
-0.1252 0.3053 
1.177 0.2266 
-0.9563 -0.0009 
-1.0154 -1.2418 
0.8006 -0.1505 
0.2096 0.0739 
1.1577 -0.6853 
-0.3202 0.3947 
-0.9269 -1.0192 
0.9785 0.4951 
-0.1597 -0.3152 
-0.0394 -0.387 
-0.2199 -0.9253 
-0.8119 -0.158 
-0.9186 -0.337 
-0.0928 0.5099 
0.0557 1.3028 
-0.244 1.1641 
-0.0485 0.6948 
0.9112 -0.0187 
0.0148 0.0602 
0.0925 0.9142 
0.1215 -0.3831 
1.2155 -0.1139 
-0.1604 0.9381 
-0.8507 -1.2422 
1.249 -0.0495 
-0.0547 -0.6832 
0.92 -0.0426 
1.1545 0.1673 
0.8174 -0.4372 
-0.9593 -0.1527 
-0.037 0.3358 
-0.7411 -0.2558 
0.8251 0.6929 
-1.0579 0.1477 
-1.1537 -0.2796 
-0.7884 0.4253 
-0.0839 0.4553 
-0.9718 -0.1422 
1.0408 -0.5354 
1.0851 0.2145 
-0.9486 -0.2938 
-0.0969 0.1772 
-0.807 -0.2965 
1.0783 0.6944 
-0.0037 -1.1902 
0.9647 -0.8126 
0.8644 1.1296 
1.3715 -0.1742 
-0.942 0.4206 
-0.0246 0.046 
0.961 0.2411 
-1.1427 -0.2018 
-0.0365 0.8441 
-1.1342 0.4285 
0.101 -0.1457 
1.0359 0.365 
0.0968 0.7635 
-1.0352 -0.0833 
-0.788 0.7906 
0.8918 0.2878 
-0.1407 0.4323 
0.1508 0.0683 
-0.9688 0.539 
-0.1872 -0.5187 
-1.2101 -0.0169 
-1.0258 0.1926 
1.0596 -0.7213 
0.9036 -0.0731 
-0.077 -0.08 
-0.7106 -0.0605 
-0.9196 0.0952 
-1.1303 0.5264 
0.0752 -0.135 
1.0219 -0.4519 
0.9085 0.0225 
-0.3224 0.5335 
-0.9095 0.2485 
-0.8616 -0.6799 
0.0611 0.3521 
0.969 -0.3695 
1.075 -0.2949 
0.1369 -0.428 
-0.9955 -0.58 
0.9119 0.1234 
1.2146 1.0155 
-0.9563 0.3407 
0.9556 -0.458 
1.0219 -1.3787 
-0.08 -0.4394 
0.9552 -0.3504 
0.0259 0.2634 
0.9591 -0.615 
1.0603 0.0178 
1.2282 -0.044 
0.8028 -1.3752 
-0.8762 0.4395 
1.0511 1.1552 
0.0076 -1.5363 
-0.3852 -0.236 
0.8353 -0.2428 
0.8849 -0.429 
0.1348 0.0993 
0.752 -0.3288 
0.9526 -0.6061 
-1.1083 0.287 
-1.1309 -0.0937 
0.8539 0.1013 
-0.9093 0.1581 
0.8958 -0.3193 
-0.1038 0.3208 
-1.2612 0.5198 
-0.8935 0.201 
0.1733 0.0662 
-0.8851 -1.0491 
0.3182 -0.9876 
0.187 -0.6897 
-0.9544 0.5452 
-0.8493 1.4378 
1.0806 -0.4878 
1.1003 -0.0709 
0.0975 -0.1211 
-0.8982 0.253 
1.2034 0.1303 
1.0788 -0.2335 
0.0937 -0.2348 
-0.9752 0.6331 
-0.9269 0.3095 
-1.0715 0.4503 
1.1359 -0.7476 
0.895 -0.3978 
-0.953 0.1044 
0.0278 0.0163 
1.1417 -0.5034 
-0.1569 -0.6318 
-0.9791 0.5395 
-1.182 -0.2484 
0.695 -0.2161 
-0.9908 0.6888 
0.7993 -0.1048 
0.0072 -0.901 
-0.1333 0.1525 
0.9518 0.5737 
-1.0369 -0.5956 
-1.0356 0.7045 
0.3454 0.0824 
-0.9029 -0.1737 
0.8766 -0.6312 
-0.0254 -0.7543 
1.0058 -0.1724 
-0.0487 -1.8501 
0.89 -0.8728 
-0.0665 -0.6658 
0.8924 0.2234 
-0.9952 0.6584 
0.8516 -0.1766 
0.1645 0.1415 
-0.9662 0.6103 
0.0659 0.5062 
-1.2261 -0.7036 
0.2081 0.5623 
0.9343 0.5103 
0.0091 -0.6536 
0.2201 -0.2973 
-1.1373 0.7143 
-0.8162 0.1839 
0.0822 0.5531 
0.9401 -0.4737 
-0.0396 -0.6152 
0.1365 0.0865 
0.0359 0.0423 
-1.0852 0.0978 
-0.9763 -0.5872 
-0.2674 0.3279 
0.0048 0.911 
1.1049 0.5377 
-0.903 -0.4542 
0.8163 -0.8529 
-1.0522 0.2683 
-0.7589 -0.1852 
0.9186 -0.3093 
-0.8559 -0.1226 
-1.1169 -0.2838 
-0.9742 -0.0642 
1.0295 0.1607 
-0.8804 0.9504 
1.1257 -0.2113 
-0.0606 0.2729 
1.03 0.6125 
0.1852 -0.1647 
1.1093 -0.073 
1.2491 0.7853 
-0.9957 0.4322 
-1.11 -0.6698 
-0.9546 0.0453 
-1.139 -0.474 
-0.9411 -0.3509 
1.3985 -0.1028 
0.9542 0.418 
1.0761 0.5041 
1.0556 -0.1694 
-0.114 -0.1049 
-0.8734 -0.6364 
-1.1837 0.0747 
-0.6624 -0.1212 
0.967 -0.0961 
-0.046 -0.2707 
0.018 -0.6465 
-1.0739 -0.3445 
-1.1055 0.5578 
0.2677 0.0324 
-1.2136 -0.1442 
1.1262 -0.1889 
0.0263 -0.6222 
-0.971 -0.7399 
-0.8048 -1.2238 
-0.142 -0.8687 
0.272 -0.2763 
0.1241 -0.2561 
0.9706 -0.7892 
0.0548 1.0708 
-0.9619 -0.4214 
-0.9453 0.0033 
0.2618 -0.5343 
1.1113 -0.1483 
0.2385 -0.4408 
-0.1766 -0.4322 
-1.07 -0.5628 
-1.0657 -0.0062 
0.9832 -0.0432 
0.9554 0.7191 
0.0743 -0.1605 
0.9552 -0.4965 
-0.8294 0.7432 
1.0123 -0.4975 
-0.8952 0.4912 
0.0981 -0.3692 
-0.2258 -1.0273 
-0.8955 0.8238 
0.1649 0.5102 
-0.9822 -0.1953 
0.8751 1.1812 
-1.1938 -0.5324 
-0.0453 -0.3886 
1.238 0.1991 
-0.9892 -0.6165 
-0.0872 -0.2891 
0.117 -0.5799 
0.1186 -0.4386 
-0.1034 -0.2376 
-1.0134 0.6652 
-0.9652 0.1702 
-0.9819 -0.5112 
-1.0624 -0.2986 
-0.8639 -0.709 
-0.0633 -0.8276 
0.8805 0.2828 
-1.1071 -0.1717 
0.0635 -0.0314 
-0.961 -0.083 
-0.8836 -0.1618 
0.0815 0.2799 
1.1323 0.5602 
-0.1511 0.1904 
1.0378 1.4803 
1.3109 -0.4026 
0.7146 -0.6382 
-1.2612 0.9384 
-0.0984 -0.6357 
-0.2135 0.5048 
-1.153 0.0765 
-0.9187 0.0146 
-1.0303 -0.3168 
0.2767 -0.1565 
1.113 -0.5355 
-0.2911 0.4542 
0.016 0.9072 
1.179 -0.2969 
-1.0151 0.9917 
1.06 -0.2123 
0.1611 -0.1093 
0.0598 -0.4214 
-1.201 -0.245 
1.113 -0.1211 
-1.0577 0.1932 
-0.066 0.7186 
-0.1842 -0.2265 
0.9151 -0.3567 
-0.8512 0.5734 
0.0389 0.8151 
-0.9621 0.0825 
0.163 -0.7659 
0.2369 0.2981 
0.2594 -0.6742 
-0.0035 0.2881 
0.1318 0.8479 
0.0201 0.3655 
0.9777 0.2194 
-0.107 -0.1805 
1.0347 0.1492 
-0.1765 -0.0228 
0.1121 -0.1408 
-0.6871 0.5814 
-1.1117 0.567 
-1.0221 -0.426 
1.1305 0.5256 
1.1703 -1.1903 
-0.0333 0.1956 
0.7678 0.328 
1.0767 -0.5544 
-1.1614 0.5639 
-1.0274 0.001 
-0.8248 0.3684 
0.7618 -0.5634 
0.0956 -0.7619 
0.8954 -0.774 
-0.129 0.1074 
-1.2525 0.6557 
-0.8524 0.9415 
-0.129 0.5751 
-0.9868 -0.8241 
0.9569 0.1236 
0.9607 0.6345 
-0.3368 0.5463 
0.1245 0.512 
-1.2143 -0.7364 
0.0402 -0.6233 
-1.1538 0.1733 
1.0191 -0.8192 
1.1264 -0.8217 
-0.8921 0.7315 
0.9913 -0.1547 
-0.7692 -0.154 
0.7635 -0.1617 
0.1319 0.6294 
0.6749 0.1132 
0.9651 -0.2384 
-0.1457 -0.0803 
-0.8845 0.1176 
1.2848 0.228 
0.2196 0.1269 
0.1038 0.496 
-0.0517 -0.0669 
0.0249 0.0876 
-1.0722 0.7595 
-0.2351 0.1939 
-1.0455 -0.3278 
0.9318 -0.1474 
-0.0 -0.8224 
-1.0377 -0.9668 
0.1739 0.0477 
0.7599 0.8376 
-0.0703 -0.2442 
0.8008 -0.717 
-1.2205 -0.5573 
1.0725 -0.4925 
-1.0004 0.6309 
1.1597 -0.2466 
0.0947 0.4653 
0.1417 -0.4063 
0.792 0.3723 
1.018 0.4565 
-0.0167 -0.3821 
0.0619 -0.9439 
-0.2317 -0.8287 
0.8153 -0.4238 
-1.2771 0.7652 
1.2562 0.2318 
0.0541 -0.7843 
1.1501 0.1231 
-1.0393 0.5169 
0.9309 -0.3194 
-0.9295 0.4062 
-1.0087 0.2913 
-0.0271 -0.5774 
0.7683 0.4055 
0.8385 0.2133 
-0.8279 0.0255 
0.2662 0.5261 
-0.2374 0.0377 
-0.9255 -0.4824 
0.9226 -0.6462 
1.1104 0.6681 
-1.0086 -0.3872 
0.162 -0.0529 
-0.1143 -0.5228 
0.1537 -0.4323 
0.9906 0.7445 
0.9656 1.0517 
-0.8184 0.5436 
1.1738 0.207 
-1.335 -0.2839 
1.0376 0.0195 
-0.0551 0.364 
-0.9419 0.0063 
-0.1942 0.8828 
-0.9024 0.3594 
0.8156 0.4289 
-0.1161 0.2335 
1.1592 0.0334 
1.1398 -0.4354 
-0.0525 -0.1818 
-1.0721 0.3735 
0.9343 0.0132 
-1.1441 0.2852 
1.2567 0.1891 
0.2549 0.2932 
0.9865 0.7605 
0.1129 -0.2334 
-1.051 0.5085 
1.1019 0.1697 
-0.8503 0.5559 
0.8592 0.5035 
-1.2965 -0.7175 
-0.1548 0.5076 
0.7728 0.4346 
-0.8222 -0.1345 
-1.1281 1.0729 
-0.9558 0.0265 
1.0213 -0.0619 
0.1477 0.6301 
-0.0581 0.2201 
-0.9047 0.0328 
0.0125 0.3269 
1.1722 -0.9748 
-0.0867 0.4677 
-0.0619 -0.3963 
-0.2134 0.0919 
0.789 1.0847 
-0.9273 0.1268 
-1.1233 -0.3896 
0.7534 -0.1457 
0.982 0.5366 
1.0762 0.2958 
-1.1055 0.331 
-0.831 -0.3672 
1.1573 0.1113 
-1.0378 -0.3312 
1.2671 0.6907 
-0.9635 -0.4274 
-1.0791 -0.3231 
-0.1001 -0.0427 
-1.1865 -0.2351 
1.1422 -0.2665 
-0.8423 -0.8662 
-0.1161 -0.5161 
1.0783 0.3166 
-1.003 -0.3727 
-1.0501 0.1704 
-1.1936 0.1681 
0.1999 0.6358 
-0.9009 -0.1812 
-1.0875 -0.8921 
-0.1182 -0.0549 
0.9636 -0.2196 
-0.2066 1.2638 
-0.2295 -0.1859 
1.0715 0.3134 
1.0328 0.1499 
-0.9777 -0.4194 
0.8142 -0.8918 
-0.1347 0.6926 
1.0791 0.5233 
0.9135 0.7793 
-0.8306 0.4208 
0.0591 -0.1367 
-0.0003 0.0386 
-1.0451 0.0057 
-0.1109 0.8113 
0.0072 -0.5938 
1.1681 -0.2141 
0.1158 0.0913 
0.9091 -0.4226 
-0.1353 1.2157 
0.8042 -0.3967 
-1.0697 0.2899 
-0.9574 0.1719 
-0.0388 0.4244 
0.1853 0.2541 
-0.9308 -0.0446 
0.9599 -0.7748 
-0.2211 1.3301 
-0.1503 -0.0754 
-0.9395 -0.0151 
-0.072 0.2722 
1.1009 1.0035 
1.0187 0.3354 
-0.9686 0.8159 
0.8571 -0.6222 
-0.9957 -0.3465 
0.0683 0.5981 
1.0002 -0.0068 
-1.3514 -0.1492 
-1.2674 0.0424 
1.1236 0.9465 
0.9883 0.0547 
-0.1425 -0.3772 
-1.0696 -0.6547 
0.6977 -0.2607 
1.0235 -0.3505 
0.8858 -0.3457 
1.1294 0.3316 
-0.8355 -0.0884 
1.2542 0.7686 
-1.16 0.9303 
0.607 0.2798 
0.8765 0.6793 
-0.8794 0.3713 
0.9822 1.4406 
-0.9802 0.6369 
-1.0185 -0.1233 
0.0037 -0.464 
-1.2717 0.4486 
1.0014 -0.2367 
0.7677 -0.1378 
-1.1089 -0.2646 
-0.6915 0.5967 
0.8643 0.5875 
0.0377 0.1404 
0.8049 -0.7574 
0.1947 0.2257 
0.7086 0.4577 
0.8536 0.971 
1.0589 0.0394 
-0.8482 -0.0181 
1.0176 -0.4817 
-1.0254 0.2798 
-0.0337 0.1507 
0.9681 -0.1357 
0.9905 0.3217 
-0.9364 0.3322 
0.8625 0.0941 
-0.1558 -0.6421 
0.7383 0.5678 
1.1909 -0.6472 
-1.1631 -0.3578 
0.8902 0.0561 
1.1002 0.3274 
-1.1098 0.3382 
-0.8804 0.8581 
0.9506 0.7133 
1.15 -0.0342 
0.9709 0.1375 
0.809 0.2168 
-1.2838 -0.4554 
-0.1261 0.9368 
0.2388 1.2946 
1.2085 -1.256 
0.9529 0.4255 
-0.1323 0.8277 
-0.0099 0.1186 
0.0172 0.7281 
1.0261 -0.2584 
-0.9753 -0.1037 
0.1206 -1.1782 
-1.1455 -0.351 
-0.2986 1.3131 
0.8945 0.6922 
-0.9806 -0.9582 
-0.8066 -0.3399 
1.1122 -0.1375 
-0.9349 -0.232 
0.9899 -0.3928 
-1.103 -0.0852 
1.0004 0.3688 
-0.0746 0.1857 
1.0514 -0.2355 
-0.17 0.6776 
0.1056 -0.2821 
-0.9736 -0.324 
0.8806 -0.4186 
0.844 0.0575 
0.0606 0.0834 
-1.2667 -0.2695 
-0.0566 0.1079 
0.057 0.556 
0.1258 -0.3547 
0.0719 -0.6072 
1.1989 -0.7453 
0.0434 -0.7667 
-1.222 -0.2894 
1.0304 0.0492 
0.8927 -1.3786 
-1.0187 -0.364 
1.0309 0.3228 
1.0492 -1.4557 
-0.8081 -0.2716 
-1.0585 0.5187 
-0.1884 1.516 
-0.9156 -0.2783 
0.0712 -0.0529 
0.0739 -0.4252 
-0.2242 -0.0501 
0.8273 -0.6808 
0.952 -0.3928 
-1.0674 -0.2729 
1.0644 -0.2505 
-1.1685 0.0263 
1.0932 0.4298 
0.9486 -0.3667 
-0.8843 -1.0308 
-1.1856 0.138 
-0.1158 0.4854 
-1.1149 0.6221 
0.0602 0.3476 
-1.1069 0.2642 
-0.9702 0.931 
0.8751 0.146 
0.9049 0.4192 
-0.024 0.6581 
-0.7169 0.3441 
-1.0543 0.1491 
0.7168 1.1323 
0.1256 0.3494 
-1.1719 0.0298 
0.8751 -0.3287 
-0.0505 -0.5081 
0.2529 0.4918 
-0.0816 -0.2884 
-1.1169 0.0247 
0.2523 0.8824 
-1.0848 -1.0894 
-0.0734 0.8432 
-0.8548 -0.7267 
-0.0185 -0.4371 
0.0606 0.4002 
-0.8842 0.1342 
-1.0589 0.5137 
0.2448 -0.0544 
-0.173 0.1669 
-1.0043 -0.3732 
0.255 -0.2285 
0.074 -1.3743 
1.0068 0.0009 
1.1305 -0.067 
-0.9776 -0.8449 
-1.0774 0.0657 
-0.1808 -0.0868 
1.1112 -0.0673 
-1.0742 0.4713 
1.0465 -0.8901 
0.9964 -0.3051 
-1.2033 -0.1996 
0.0599 -0.085 
0.0187 0.3256 
-0.7897 0.1043 
-0.9474 0.0121 
1.1 0.6876 
0.9091 -0.0061 
1.082 -0.3963 
-0.9774 0.7034 
1.0051 -0.4572 
0.0167 -0.2748 
-1.0544 -0.4729 
-0.0583 0.3192 
1.2847 0.4016 
1.0244 -1.0836 
0.1312 -0.9634 
-0.1263 0.5767 
0.8743 0.3867 
0.9127 -0.3897 
-0.0815 -0.9805 
1.0287 0.7017 
-1.141 -0.1862 
-0.9123 -0.3438 
0.8683 0.6574 
0.7174 0.3661 
-1.116 0.4814 
-0.991 0.3599 
-1.0977 -0.7036 
-0.0046 0.3146 
-1.0771 0.4084 
0.1397 0.107 
-1.0357 -0.7661 
1.2352 0.4699 
0.0445 -0.1334 
1.1763 0.5552 
-1.2388 -0.2567 
1.2273 0.2512 
-1.1625 0.2909 
0.9391 0.0728 
-1.2551 -0.4006 
-0.1887 0.3468 
1.1711 -1.4588 
1.0352 0.5106 
-0.0882 -0.564 
-0.0154 1.3432 
0.9347 -1.102 
-0.667 -0.2615 
-0.8087 0.7528 
-0.0244 -0.2596 
1.1337 0.1909 
0.8948 -0.163 
0.9941 0.1475 
0.1711 -0.161 
-0.0894 -0.6097 
0.212 -0.5491 
-0.9283 0.5552 
-1.034 0.1434 
-0.91 -0.469 
1.1222 0.075 
0.057 0.2958 
-0.9014 -0.4188 
0.0045 -0.1327 
-0.0478 -0.3821 
0.3024 0.3132 
0.8528 -0.9545 
-0.029 -0.1162 
-0.8117 0.705 
1.1209 -0.453 
-1.0708 0.0285 
-0.0924 1.4592 
0.0262 -0.1852 
1.1897 0.4836 
1.0753 0.3167 
1.222 -0.0697 
-0.1064 0.1046 
0.0003 -0.4189 
0.0227 0.3653 
0.7679 1.2845 
-0.1181 0.5676 
1.147 0.3667 
-1.1161 0.5186 
0.0197 -0.4677 
-0.0075 -0.0929 
0.9343 0.4641 
-0.9678 -0.1734 
-0.9142 0.9499 
1.0043 1.2113 
-1.0259 0.5981 
-0.865 -0.2439 
1.2491 -0.9556 
1.0881 -0.7187 
-0.2281 0.1535 
1.0565 0.8132 
-0.1442 0.8322 
-0.1627 -0.2081 
0.9825 -0.1334 
0.7362 -0.2225 
-1.0415 -0.0469 
1.2509 -0.7421 
-1.1374 -0.8731 
0.2687 0.1238 
-0.7569 -0.3286 
-0.1135 -0.0752 
0.9262 -0.1106 
0.9728 0.0307 
0.0381 0.2298 
0.0645 0.2156 
-1.0134 0.503 
-1.2384 -0.641 
-1.0413 0.0695 
-0.0314 -0.4661 
-1.1358 0.2237 
-0.786 -0.8538 
1.0602 -0.0799 
-0.9651 0.3816 
0.652 -0.502 
0.1266 0.9217 
0.7888 -0.1456 
0.2223 -0.0947 
-0.0414 0.4048 
-1.1237 -0.5275 
-0.747 0.5714 
0.0087 0.2728 
-0.0214 -1.111 
-0.9472 0.2082 
0.7582 0.015 
0.9332 0.5752 
1.1469 0.8392 
-1.1553 -0.3159 
1.0039 1.0708 
0.9371 -0.225 
-0.0003 -0.033 
0.1523 1.0298 
0.0276 0.27 
0.0897 -0.005 
-0.1514 -0.174 
0.3016 1.1111 
0.0409 -0.0762 
-1.002 0.7876 
-0.0653 0.2964 
0.0339 0.1762 
0.0658 -0.2103 
-0.1275 0.2779 
1.0258 0.3781 
0.8714 0.428 
-0.0782 0.2907 
0.0344 0.704 
1.09 0.6053 
-0.9913 0.3327 
1.2131 0.2508 
-1.052 -0.026 
1.0945 0.0737 
0.1407 -0.4495 
1.0105 0.7308 
0.0753 -0.4402 
-0.0299 -0.3975 
0.0582 -0.1547 
-0.1434 0.7789 
1.3792 -0.0709 
0.2029 0.2169 
-0.0053 0.1599 
-0.9552 -0.8318 
1.2613 -0.6927 
1.0257 -0.0357 
-0.1676 -0.0433 
0.0936 -0.3106 
0.9815 -0.1714 
1.0211 0.1895 
-1.0699 0.4686 
0.0692 -0.3396 
-1.1711 -0.6998 
0.9669 -0.2415 
1.0381 -0.1316 
0.2178 -0.5819 
0.9932 -0.7781 
0.858 -0.1087 
-0.098 0.4811 
-1.067 0.3246 
1.2464 0.2033 
-1.1142 -0.3434 
0.0951 0.2432 
-0.0793 0.8949 
-0.0298 0.0822 
1.0058 0.1434 
-0.9981 -0.4788 
-0.8652 0.3649 
-0.774 -0.3258 
0.9854 0.241 
1.0664 -0.5142 
-0.9356 -0.0696 
1.0411 0.0897 
-1.1374 -0.3792 
0.2587 -0.1272 
0.9841 0.0879 
-1.3236 -0.4897 
-0.9577 0.5865 
0.0339 -0.0354 
-1.0669 0.0053 
0.0741 0.5517 
0.9115 -0.0413 
0.1097 0.2903 
1.0791 0.3247 
0.9429 0.3025 
-1.1089 -1.0841 
1.0277 -0.0934 
-0.0297 -0.576 
-0.9993 -0.2861 
-1.0245 0.5614 
-0.7284 0.0147 
-1.2187 0.1633 
-0.0106 -1.0384 
0.1075 0.3288 
0.9267 -0.0354 
-0.1477 0.7753 
-1.073 0.5294 
-0.1023 0.4602 
-0.1487 -0.4199 
0.9671 0.6432 
1.2091 -0.3978 
0.1278 -0.0133 
0.8457 -0.0748 
0.8806 -0.5915 
0.0367 -0.3644 
-1.1141 -0.1707 
1.2722 -0.5998 
-0.0282 0.307 
-0.0427 -1.2958 
-0.0451 0.0273 
1.0429 0.3802 
0.1374 0.4044 
-1.0564 -0.2307 
0.7678 -0.2553 
0.9319 0.2446 
1.2772 0.3228 
0.1244 -0.1554 
-0.0833 -0.5497 
-0.8295 0.507 
1.0864 -0.1936 
-1.0162 -0.9951 
0.0569 0.4014 
-0.9039 0.9445 
-0.2133 0.2601 
-1.1484 0.2267 
1.2132 -0.4918 
0.0278 1.4585 
1.1385 0.1942 
1.0297 0.0893 
0.119 -0.2991 
-1.0499 -0.1994 
0.9177 0.6535 
-0.8095 0.1619 
-0.109 0.7829 
0.9785 0.7639 
0.0405 0.8212 
-0.9643 -0.1032 
-1.0213 0.7616 
1.1576 -0.6383 
1.0208 0.1899 
-0.7055 0.9724 
1.1157 0.2169 
0.0134 0.1346 
1.2361 0.2916 
0.9949 0.3701 
-1.0303 -0.0234 
-1.0692 0.5822 
-0.0342 -0.2501 
0.9792 -0.0565 
-1.1574 0.2821 
-1.4245 1.3519 
-0.6892 -0.1613 
-0.1788 -0.2979 
-0.7402 0.583 
-1.0809 -0.3152 
-0.7272 -0.1767 
0.7955 0.803 
1.0276 -0.4544 
0.906 -0.1508 
0.2355 -0.3084 
0.7488 0.3886 
0.9993 0.4373 
1.2637 0.7273 
-0.8058 -0.6558 
0.0711 -0.168 
1.0501 0.524 
-0.3174 -0.2058 
-1.0982 -0.203 
1.207 0.829 
0.0939 -0.4257 
-1.0653 0.4342 
0.7871 0.2501 
-1.0666 -0.0988 
-1.0486 1.0187 
0.1112 0.5827 
-1.2733 0.3293 
-0.1283 -0.1804 
-0.3155 -0.1204 
-1.0562 -0.1105 
-0.028 0.3148 
0.136 -0.3412 
-0.8417 0.5688 
1.1156 0.3167 
-0.9612 -0.8293 
-1.2149 0.4623 
0.7791 0.7298 
-0.1261 0.2418 
-0.2964 0.081 
-0.2194 -0.0701 
-0.1434 -0.1263 
1.1297 -0.5067 
-0.0976 0.526 
1.0491 0.1084 
0.0861 0.7171 
-1.0818 -0.4956 
-0.1643 0.0762 
-0.0793 0.076 
-0.0149 -0.1942 
-1.0484 0.0374 
-0.8383 0.0699 
-0.0044 0.5821 
0.9782 -0.4466 
0.1707 -0.9349 
0.0001 0.2764 
-1.0411 0.9041 
0.0489 0.0027 
0.085 0.434 
-1.0638 0.6275 
-0.0717 1.3749 
0.0056 0.1277 
-1.0321 0.1979 
-0.9253 -1.1925 
-0.9008 0.1365 
-1.1821 -0.5061 
0.0022 0.6739 
1.0564 0.6613 
0.0786 0.9952 
-0.9072 0.4705 
0.939 0.3772 
1.1255 -0.148 
-1.1002 -0.7367 
-0.0714 0.5134 
1.0363 -0.6199 
0.035 0.9262 
0.9872 -0.3521 
-1.1314 0.4041 
1.1466 0.8215 
1.0549 0.4498 
-0.0486 -0.4591 
1.01 0.5329 
1.2712 0.2759 
-0.9868 -0.5842 
-1.087 0.1293 
1.0087 -0.8499 
-0.9077 -0.6648 
1.0529 0.1167 
0.1581 1.1298 
1.2163 -0.3481 
-1.0952 0.1033 
0.7824 0.2042 
-1.0552 -0.1868 
1.0384 0.2759 
-1.1911 -0.3365 
-1.301 -0.8082 
-0.9884 0.3943 
-1.0462 -0.2119 
0.1853 1.1927 
-0.9394 0.0573 
1.106 -0.1808 
-0.0462 -1.4561 
0.1308 -0.2767 
0.9942 -0.3293 
0.167 -0.2172 
0.825 -0.8188 
0.8178 1.3563 
-0.1919 -0.2243 
-0.8559 -0.1665 
-1.1806 0.4546 
0.2443 1.0338 
-0.1477 -0.9848 
-1.1245 -0.1922 
0.066 0.103 
0.8894 0.0417 
-0.8801 0.4048 
-0.958 -0.5235 
-0.2055 -0.0715 
0.8583 -0.4885 
0.2545 0.4127 
0.1895 -0.9583 
-1.3488 1.0018 
1.0014 -0.5449 
0.7243 0.6424 
-0.0736 0.0975 
1.2221 -0.1848 
-0.979 -0.2563 
-1.1666 -0.1459 
0.9983 -0.2853 
0.8309 -0.2205 
0.1235 -0.1502 
-0.9034 0.2168 
-1.0828 0.6656 
1.0319 0.3893 
0.0613 -0.7223 
-0.9821 0.3169 
1.08 -0.1079 
-0.8045 -0.5336 
-0.0564 0.0947 
-0.0577 0.0994 
0.0635 -1.0441 
-0.8163 1.3261 
0.9108 -1.4751 
-0.9201 0.437 
0.8667 0.452 
-1.091 -0.6842 
-0.1154 -0.6014 
0.0237 0.5724 
-0.2401 -0.0555 
-0.828 -0.2823 
-1.064 0.7695 
-1.1611 0.5822 
-0.0372 -0.5525 
0.9994 -0.1202 
-0.97 0.2235 
1.1003 -0.0456 
1.0114 0.4583 
1.2716 0.2775 
0.1615 0.4306 
-1.2483 -0.6612 
0.2059 -0.4769 
1.2495 0.3624 
-0.688 0.1122 
-0.8395 0.9621 
-0.0458 -0.2652 
-0.0521 0.5426 
0.1346 0.4977 
1.002 -0.0989 
1.0554 0.8899 
0.1726 0.0942 
0.9646 0.132 
0.8931 -0.3547 
-0.2392 0.3389 
0.8765 -0.5548 
-0.8226 1.0442 
-0.0285 -0.6397 
0.0355 0.1079 
1.2297 0.4295 
-0.1473 -0.0738 
-0.0886 -0.371 
-0.9957 0.4476 
-1.2061 -0.4521 
0.9799 0.4058 
-1.038 -0.3243 
1.0886 -0.9341 
-0.0594 0.0823 
-1.1445 -0.1065 
-1.1035 -0.0792 
0.8101 0.1122 
-0.0674 0.4205 
0.2323 0.0508 
1.1902 0.3225 
-0.1132 0.5367 
0.9976 -0.1128 
0.9738 0.1971 
1.122 -0.2115 
-1.2764 -0.7008 
-1.0238 0.2666 
-0.1619 -1.5523 
0.0828 0.4347 
-1.1509 0.4657 
0.1168 -0.2875 
-0.8336 -0.0653 
0.0069 -0.1394 
-1.0256 -0.2243 
-1.2082 1.5186 
0.3441 0.0058 
0.0796 -0.0541 
-0.1086 0.4567 
0.0428 -0.5708 
-0.2155 -0.0773 
-0.9078 -0.0358 
0.8489 0.3713 
0.0422 0.2775 
1.0328 0.349 
-0.1067 -0.513 
0.8877 -0.2764 
1.0639 -0.0646 
-0.0253 0.4097 
0.827 -0.0503 
0.1674 0.5465 
0.869 0.269 
-1.1141 -0.7501 
0.095 0.3029 
-0.0034 -0.1405 
0.1961 0.8242 
-0.2405 -0.1276 
1.2691 0.4444 
0.951 0.7305 
-1.0224 0.371 
0.8441 -0.8463 
0.0692 -0.4942 
-0.9392 -0.0525 
0.9714 0.2721 
-0.4043 0.0137 
-0.9842 -1.159 
-1.2294 0.6349 
0.1056 -0.179 
-0.9186 0.9024 
0.2986 -0.1899 
-0.893 -0.6065 
1.251 0.08 
0.9918 0.3094 
-0.9541 -0.1054 
-1.2329 -0.361 
0.0785 -0.9811 
0.1416 -0.8518 
0.0599 -0.3065 
0.0214 0.3435 
1.1349 -0.6719 
0.9219 -0.3766 
-1.2821 -0.0184 
-1.1282 0.9684 
0.079 0.2336 
-1.2304 0.0089 
-0.864 0.4518 
-0.9468 -1.0815 
0.9368 -0.6774 
0.0036 0.0172 
0.9676 -0.0763 
-0.9393 -1.0108 
-0.1372 0.8374 
0.9029 -0.195 
1.0338 0.3459 
-1.049 0.6212 
0.0659 -0.4033 
0.9192 0.3577 
1.1004 1.3343 
1.1895 0.5654 
1.0118 -0.3249 
0.9677 -0.0861 
0.8064 0.8232 
-1.1056 -0.0399 
-0.9557 0.2607 
1.0774 -0.0674 
1.0879 -0.3613 
0.8104 0.2378 
1.0516 0.0061 
-0.3207 -0.72 
0.0304 -0.6392 
-0.0234 -0.1252 
-0.9703 0.7988 
-0.0272 0.6586 
0.9497 -0.1827 
-0.0468 0.7081 
-0.9507 -0.3877 
0.0041 -0.3641 
-1.2232 -0.0866 
-1.0385 0.4747 
-0.1715 -0.702 
1.0036 -0.3782 
0.0965 -0.2068 
-1.2141 0.7388 
-1.0044 -0.1482 
0.1961 -0.4873 
-0.4345 -0.2737 
1.0288 -0.1288 
-0.9708 0.462 
1.1416 -0.0099 
0.8581 0.4213 
0.9254 0.2764 
0.7799 0.1736 
1.128 0.0718 
1.1186 0.0127 
-0.1674 -0.889 
0.1426 -1.3613 
-0.8746 0.5658 
-1.0486 -0.1065 
0.8024 0.1623 
1.1245 0.2277 
-1.3113 -0.1711 
0.1105 0.0353 
0.8606 0.2346 
-0.8179 0.5688 
-1.0079 -0.0571 
-1.0542 -0.5498 
-0.1682 -0.3778 
1.0268 -0.1721 
-1.0123 -1.042 
0.8894 -0.1223 
0.809 0.5129 
0.072 -0.0224 
-0.0467 0.3496 
-0.8976 -0.4249 
0.7768 0.1716 
0.9452 0.6494 
-0.1504 0.6243 
-1.0089 -0.3285 
0.2099 0.1456 
-1.2016 0.8499 
0.9014 -0.2379 
0.8865 -0.3966 
-0.1747 -0.6604 
0.1854 0.467 
0.9016 0.813 
0.0593 0.7441 
1.1712 -0.5185 
0.103 0.2694 
-0.8497 -0.2134 
0.6802 0.0726 
0.9489 -0.1485 
-0.8592 -0.1231 
0.9962 0.0593 
-0.0311 0.5857 
0.0564 -0.0079 
-1.1189 0.6674 
-0.8918 -0.2031 
0.8834 0.4482 
0.8586 0.5958 
-0.8528 0.3537 
-0.1283 -0.2857 
0.0278 -0.9286 
0.0596 0.9179 
-0.0912 0.9425 
0.1327 1.0638 
-1.0716 0.169 
-0.9435 -1.3489 
-0.0247 -0.2848 
-1.0138 0.5649 
-1.2013 0.6835 
-0.9206 -0.6045 
-0.0243 -0.0685 
-1.4734 0.6079 
-1.0184 -0.6658 
-1.1444 -0.5003 
-1.0157 -1.0639 
-0.9885 0.5765 
0.0544 0.2129 
0.0111 -0.8887 
1.0556 -0.3402 
1.1705 1.3036 
-0.7304 -0.5369 
-0.9444 0.2502 
0.0249 0.1199 
-0.0928 0.1994 
0.9039 0.1623 
1.3978 -0.4355 
0.99 -0.5594 
0.9752 0.6531 
0.9704 -1.0182 
0.1708 0.8148 
-0.0731 -0.6269 
0.076 0.8037 
0.8658 -0.3403 
1.1183 -0.9273 
-0.0176 0.6878 
-1.0608 0.347 
1.0157 -0.3967 
-0.098 -0.6124 
1.0281 -0.0464 
0.1249 0.638 
-0.829 -0.3425 
-1.0207 -0.4851 
0.1442 -0.7238 
-0.8571 -0.1384 
1.0475 0.9348 
0.1053 0.0954 
-1.2488 -0.1212 
0.158 -0.3539 
1.0036 -0.0004 
1.0412 0.2541 
1.0108 -0.3565 
0.0206 1.213 
-0.2083 0.9245 
-1.1697 -0.5493 
0.2178 -0.4371 
0.2389 -0.1148 
0.9407 -0.5222 
-0.2605 0.6417 
0.0434 0.2285 
1.087 0.6805 
-1.0578 -0.2118 
0.993 0.0297 
1.1103 -0.2964 
0.2506 0.0979 
0.9737 0.2023 
-0.017 0.4061 
0.1776 -0.6423 
-0.0763 1.5174 
0.8423 -0.381 
-0.2705 0.7973 
-1.1241 0.3922 
1.2751 0.549 
-0.866 0.0746 
-1.185 -0.8271 
-1.0192 0.5322 
-0.1403 0.3343 
-0.2453 -0.4975 
-0.9619 -0.2273 
-0.9832 -0.0252 
1.1304 0.3318 
1.0894 -0.0224 
0.0055 0.6661 
-1.1914 -0.5853 
0.1391 0.7121 
0.1357 0.6165 
-1.1232 -0.7061 
-0.781 0.486 
1.105 0.4249 
-0.0583 0.8471 
0.8511 -0.5289 
0.1067 0.319 
-0.0049 0.36 
1.1035 0.4931 
1.1788 0.4305 
-0.9366 0.2034 
0.9194 0.2627 
1.2601 -0.153 
0.1113 -0.9357 
0.8638 -0.3727 
-1.1211 -0.1908 
0.8432 0.4112 
0.8882 0.0187 
-1.3526 0.5094 
0.9901 0.3776 
0.1459 0.0333 
0.8654 1.1891 
1.1425 0.2206 
-0.0357 -0.4057 
1.2246 -0.6648 
-1.1083 0.2652 
-0.0214 -0.0497 
1.0887 0.4358 
-1.3009 0.0179 
0.8861 -0.8279 
1.2515 -0.0333 
-0.092 -0.7136 
-0.7635 -0.3241 
-1.1183 1.1694 
1.1393 -0.5591 
-0.9193 -0.1201 
-0.9453 0.7103 
1.0586 0.6831 
1.0468 0.1441 
-0.9513 0.0739 
1.0263 -0.5668 
0.1371 -0.2269 
-0.9816 -0.8282 
0.9797 -0.3866 
0.7566 0.6608 
-0.0075 -0.1516 
1.26 0.6809 
-0.9629 -0.2153 
-0.9101 -0.4196 
-0.7983 -1.4254 
0.1347 0.9979 
-1.0378 -0.386 
1.1696 -0.1428 
1.2653 -0.5451 
1.1552 0.4343 
-0.0806 0.6155 
1.1271 -0.5515 
-1.0695 0.8268 
0.0533 -0.4177 
0.0163 0.5219 
0.9514 -0.7763 
0.9815 -0.4798 
-1.082 -0.3153 
-0.113 -1.3879 
0.0354 -0.9589 
0.9059 -0.3272 
1.1372 0.4152 
1.1963 0.5256 
0.8758 -1.2686 
-1.0203 0.3242 
-0.8602 -0.7921 
0.1369 -0.3279 
-1.1369 0.1034 
0.8572 -0.314 
0.9068 -0.013 
-0.9686 0.184 
0.8318 0.1503 
-1.2431 -0.5045 
0.7015 0.2965 
0.1323 -0.6798 
-0.0712 0.7579 
1.3617 -1.4002 
-0.859 -0.6557 
1.0846 -0.2098 
0.9507 0.0525 
-0.9474 0.0842 
-0.2823 0.1053 
1.0194 -0.0483 
-1.1461 -0.6422 
0.6686 0.4593 
-1.069 0.1689 
1.15 -0.9973 
-0.2088 0.6221 
-1.0556 -0.6515 
-0.1716 0.5384 
0.8721 -0.0975 
-0.9636 -0.5332 
0.8948 0.4188 
0.9005 -0.4505 
1.191 0.4757 
-1.117 0.2531 
1.1215 0.2084 
0.0559 0.276 
0.1489 0.3341 
-0.2262 -0.91 
-1.1296 -0.358 
-0.9957 -0.2029 
0.9958 -0.6525 
1.0712 0.3115 
-0.1697 -0.5748 
0.0878 -0.3822 
1.0252 0.1644 
0.2269 0.1273 
-0.0396 -0.3485 
1.0876 -0.064 
-0.0422 -0.8016 
1.1837 0.3628 
-0.9994 -1.468 
1.0711 0.9523 
0.2286 -0.4217 
-0.0971 1.437 
0.0699 1.0763 
-0.8109 -0.6469 
-1.0876 0.4096 
-0.1984 -0.532 
-0.8464 -0.5757 
0.9675 1.4672 
-0.7782 -0.4894 
-1.0308 0.503 
0.872 0.5399 
0.1633 0.7836 
0.9898 0.5313 
0.9134 -0.6416 
0.9846 0.8585 
-0.1545 0.4419 
0.058 -0.5803 
-0.0368 0.3395 
-1.3085 -0.9417 
-0.1365 -0.0664 
-0.925 -0.9044 
-0.6983 0.1274 
-0.2505 -0.3029 
0.9496 -0.6452 
0.8551 -0.3231 
1.081 -0.9835 
1.0036 -0.4307 
-0.0867 0.2382 
0.1807 0.0233 
-1.0872 -0.1847 
-0.7999 1.097 
0.0588 0.5258 
-1.024 -2.1662 
0.9802 0.7219 
-0.9592 0.8372 
0.0172 -0.5602 
1.1475 -0.5973 
-0.7386 -0.7502 
1.1175 0.3358 
0.2597 0.7247 
-1.2772 0.3505 
0.8564 -0.2665 
-0.1383 -0.2569 
0.1141 0.3405 
0.9474 -0.047 
-0.102 -0.1093 
-0.9881 0.2124 
-0.8801 -1.6693 
1.0191 -0.7776 
1.0589 1.326 
0.7667 0.4221 
0.2338 -0.3064 
0.7207 0.167 
0.1722 -0.1499 
-0.8884 0.2094 
-0.2777 0.8172 
-0.0249 -0.0892 
-1.0065 0.1714 
1.0927 -0.6714 
-1.1658 -0.2295 
-1.154 0.4298 
0.9399 0.1966 
0.1385 -0.1508 
-1.043 -0.4183 
1.0186 -0.0595 
0.0653 0.183 
-0.017 0.0173 
-1.308 -0.3165 
-0.1164 0.267 
1.0439 0.8059 
-1.0235 -0.514 
1.0893 0.3719 
0.0769 -1.2405 
-0.1442 0.1253 
1.018 1.2334 
0.0542 0.0662 
-1.2611 0.0738 
-1.0572 0.2412 
-0.0875 -0.8361 
0.2915 0.3658 
-1.1032 0.0445 
-0.0499 0.1522 
-0.1214 0.2085 
0.9058 0.0149 
-0.0356 -0.3124 
0.0157 0.1128 
-0.9263 -1.1607 
0.0124 -0.1644 
-0.8596 0.0506 
-0.9264 -0.7986 
-0.1023 -0.5086 
-0.1111 0.5406 
1.1664 -0.2379 
-1.0962 0.2573 
-0.0642 0.5352 
0.9935 0.8971 
-0.2744 0.0536 
1.1303 -0.8024 
-1.0354 -0.6104 
0.9783 0.4889 
0.0287 -0.5421 
0.9115 -0.4761 
-0.7998 0.4038 
0.958 -0.1091 
0.2523 -0.8236 
1.0206 -0.1283 
-0.8774 -0.0483 
-1.0347 0.4866 
-1.2475 0.1644 
-0.2233 0.2016 
0.1131 0.7891 
0.1794 -0.3053 
0.2542 -1.2597 
0.0157 -0.3904 
-0.3103 0.3938 
-1.0455 -0.4716 
-0.9583 0.242 
-0.0738 0.1438 
-0.0179 0.4135 
-1.1075 0.0199 
-0.7503 -0.2668 
-0.0822 0.818 
-0.1554 0.1976 
1.089 -0.5626 
-1.0521 0.8205 
-1.0301 -0.6473 
0.0251 -0.4375 
-1.0037 0.8451 
0.9328 0.3484 
1.0721 0.2102 
-0.9086 0.2996 
0.9272 1.2104 
-0.1789 0.4627 
1.0187 0.0027 
0.8892 -0.2375 
-0.0943 0.0873 
-0.0638 0.9988 
-0.7917 0.4927 
-0.0791 0.2957 
0.022 -0.9097 
0.9583 -0.269 
-1.0548 0.7078 
1.0214 0.0167 
0.8947 0.2323 
-1.1879 0.7743 
0.8332 0.0135 
0.0956 -0.4758 
-0.8976 0.2056 
0.1672 0.6491 
1.1041 -0.7133 
-0.0653 0.2304 
-0.919 0.2383 
-0.0273 -0.2033 
1.3188 -0.624 
1.1124 0.2911 
-0.9234 0.3792 
1.13 -0.0858 
1.0394 0.4848 
0.0907 -0.2851 
0.0308 0.1662 
-0.7238 0.6601 
-0.9064 0.2743 
0.9807 0.2051 
-0.6555 0.4214 
0.9047 0.7176 
-1.0648 0.5332 
-0.1084 -0.3386 
-0.9694 0.64 
1.0528 0.6012 
-0.025 -0.2276 
-1.0743 -0.0998 
0.8777 -0.5997 
-0.2333 1.1699 
0.9679 -0.0566 
0.9435 0.5083 
0.0136 -0.4745 
-1.2268 -0.4796 
0.9187 0.4051 
0.0041 0.5831 
-0.2043 -0.6164 
0.0875 0.0844 
-0.0391 0.0239 
0.1735 -0.4364 
1.1582 -0.6499 
-1.1406 0.2282 
-0.0188 -0.6693 
-0.9568 0.1216 
0.289 0.3778 
-1.1861 0.1392 
-1.0992 0.3535 
0.9931 -0.4869 
0.0977 -0.8206 
-0.8907 -0.0781 
0.2411 -0.0991 
-0.1842 -0.3754 
0.9304 0.3452 
0.05 -0.0999 
0.853 0.1842 
-0.1171 -1.5495 
-0.9437 -1.2197 
-1.0181 0.2674 
1.0119 -0.495 
0.7797 0.4928 
-0.8147 -0.273 
-0.8102 -0.7157 
-0.0717 -0.1227 
-1.0968 -0.0789 
0.0359 -1.1766 
0.9094 -0.8571 
-0.0086 0.4019 
0.1463 -0.1656 
-0.895 -0.3646 
1.0613 -0.112 
-0.0844 -0.6989 
0.764 0.4727 
-1.0078 -0.6387 
-0.9627 -1.0733 
-0.0251 0.1017 
1.0096 0.9948 
-0.1056 0.3258 
0.2502 0.3206 
0.994 1.5193 
-0.1112 0.0959 
-1.1545 -0.2447 
-1.106 -0.0157 
-1.1254 0.0306 
0.8056 -0.0069 
1.0096 0.2777 
-0.0227 0.6574 
-0.0829 0.0764 
1.3539 0.4217 
-1.1748 -0.1499 
0.0719 0.72 
-0.7803 -0.7609 
-0.0874 -0.3615 
-0.2003 1.2258 
0.9008 0.1789 
-1.155 0.4427 
0.7683 0.1894 
1.0471 -0.0601 
-0.9978 0.5534 
-1.0392 0.415 
-1.1778 0.1693 
1.1889 -0.2448 
-1.1996 -0.2711 
-0.243 -0.4783 
0.1902 -0.2681 
0.1739 -0.2204 
1.1819 -0.8845 
0.0472 -0.1633 
-1.0432 0.3018 
-1.0 0.4182 
0.1448 0.6103 
-0.7377 0.1279 
-1.1296 -0.6505 
1.2228 -0.8611 
-1.1587 -0.0784 
-0.8862 -1.0838 
0.9153 0.0667 
0.9827 0.7984 
-0.1898 0.0674 
-0.9499 -0.535 
0.1433 0.7478 
-1.0688 -0.8887 
0.0155 -0.1177 
-1.0546 -0.5059 
0.9176 0.1754 
-0.1641 -0.3678 
-0.9737 0.6548 
-0.948 0.0429 
1.0164 -0.3648 
-0.8641 -0.2953 
-0.7626 0.3705 
-0.0595 -0.5084 
-0.9446 0.2231 
1.0399 -0.5527 
-0.9746 -0.1669 
0.699 -0.5716 
-0.9606 -0.0986 
0.1223 0.6316 
0.0059 0.4508 
-1.0875 -0.2377 
0.9323 0.1759 
0.0507 0.144 
0.7435 0.1226 
-1.0898 0.0494 
-1.0521 0.3201 
0.1281 0.1994 
1.2244 0.2996 
0.7373 0.5547 
0.1876 0.2188 
-0.8404 -0.5267 
0.1086 -0.2338 
1.2277 -0.0543 
0.051 -0.6716 
-0.1555 0.2289 
0.7194 -1.2646 
0.1356 -0.9751 
-0.0837 0.2955 
-0.9161 0.337 
-1.0493 -0.4001 
0.8027 -0.6229 
-0.925 0.4165 
0.6323 -0.5281 
0.0909 -0.6558 
0.0878 0.4436 
1.0285 0.2827 
0.0069 0.322 
-0.1146 -0.4935 
1.1832 -0.08 
0.8611 0.7097 
0.1694 -0.1959 
1.136 -1.0539 
-0.8653 -0.5579 
0.1303 0.0953 
-0.0307 0.035 
-0.9962 0.4169 
0.9257 0.9796 
0.0532 -0.1355 
-1.1902 0.2534 
0.9162 0.3231 
-0.9824 -1.3416 
1.1158 0.2455 
-0.0088 0.3689 
-0.1328 0.3478 
1.0258 0.7063 
-1.0582 0.6251 
-1.2576 0.2215 
0.8945 0.1738 
-1.1066 0.0273 
0.1661 1.0999 
0.7586 0.4612 
-0.1688 1.0246 
-0.8815 -0.2727 
-1.2316 -0.5238 
-0.05 -0.4954 
0.1113 -0.026 
1.0507 0.2787 
1.2093 0.3594 
-1.3231 0.3846 
0.8844 -0.0866 
-1.0199 0.5531 
1.1572 -0.3444 
1.1897 -0.2077 
-0.027 -0.4747 
-0.0303 -0.3185 
-1.1663 0.6121 
0.9116 0.3808 
-0.0915 1.5961 
0.9251 0.0794 
0.9213 0.2676 
1.1154 0.2855 
-1.1879 -0.5488 
0.8172 -0.1565 
0.9378 -0.1823 
0.8589 0.0072 
0.9397 -0.3685 
-0.9481 0.295 
1.0902 0.4126 
0.8903 0.1403 
-1.1158 0.4055 
1.0093 0.4878 
0.2886 0.3051 
-1.0238 0.4298 
-1.0993 0.2575 
0.8193 -0.2791 
-0.0959 -0.5221 
0.2756 -0.0672 
-0.0417 0.2523 
-0.0801 -0.0929 
0.1338 0.3949 
0.0835 -0.4635 
0.2721 0.3202 
0.9897 -0.4021 
-1.189 0.4352 
-0.7773 -0.5287 
-1.0417 -0.3982 
-0.9892 -0.0674 
1.1376 -0.379 
0.0033 0.7386 
-0.1396 0.2679 
-0.068 0.3069 
-1.006 -1.4101 
-0.9502 0.5408 
-0.8706 0.2262 
-1.164 -0.2573 
-0.9632 0.698 
0.9647 0.3339 
0.1251 -0.1386 
-1.0557 0.0978 
1.1865 -0.308 
-1.0981 0.9463 
0.9672 -0.3978 
0.0328 -0.2158 
-1.0619 0.8557 
-1.0364 -0.7268 
0.0542 0.472 
0.2821 -0.2165 
-0.0022 0.0275 
0.9023 0.064 
-1.0685 -0.0128 
1.0229 -0.1305 
-0.8975 -0.9304 
1.2087 1.0189 
1.1134 -0.0302 
1.0641 0.0881 
1.06 -0.6183 
1.0457 -0.107 
0.9954 0.2493 
-1.0439 0.6517 
-0.9861 -0.4526 
1.0498 0.862 
1.0904 0.5168 
-1.067 -0.2598 
-1.0607 -0.9392 
-0.0431 -0.2474 
0.9624 -0.2135 
-0.82 -1.2056 
0.9178 0.195 
-0.8444 0.2912 
-1.0926 0.0975 
-0.0004 -0.4001 
0.9133 0.4612 
1.0573 0.2412 
0.0305 -0.4168 
0.0593 -0.7826 
0.0564 1.1107 
0.1517 0.2212 
-0.8094 -1.0108 
-0.0603 0.2943 
0.0556 0.1861 
-0.9598 -0.8931 
-1.0571 -0.3034 
1.0843 -0.7127 
0.6286 0.0977 
-0.0083 -0.4051 
0.0071 0.917 
-0.019 0.5751 
-0.0282 -0.3388 
1.0794 0.5719 
-1.0436 0.6002 
-0.8785 -0.1489 
-0.6806 -1.0988 
-0.0699 0.1883 
0.835 0.2687 
-0.1353 -0.1211 
0.9366 0.2303 
-0.954 0.2145 
0.8508 1.3702 
0.0355 0.306 
-1.0301 -0.591 
1.1469 0.1308 
-0.0391 -0.526 
0.9986 0.3199 
-1.0604 0.7205 
0.7436 0.2144 
-1.1503 0.2831 
0.2839 -0.2472 
-0.9519 0.6485 
0.8492 -1.1903 
-1.0409 0.3834 
-0.154 0.0851 
1.1412 0.0175 
-1.0389 -0.17 
1.264 -0.2168 
-1.2541 0.4661 
-1.2535 1.2128 
-1.1121 -0.2346 
0.0899 -0.5628 
-1.0628 -0.1179 
1.0529 0.4748 
0.9618 -0.1253 
-0.9833 0.6931 
0.7916 -0.7765 
0.0404 0.4374 
0.9195 -0.4497 
0.8929 1.1235 
0.8067 0.3492 
1.0331 -0.5708 
0.218 0.3216 
1.0614 1.2515 
-1.0199 0.8644 
-1.0625 0.8847 
0.9225 0.6399 
1.087 -0.8979 
-1.0209 -0.3205 
-0.8042 0.4086 
-0.0535 -0.0493 
-1.0236 -0.7152 
-0.329 0.0856 
0.1545 -0.4066 
-0.0936 -0.207 
0.0086 -0.1619 
0.189 -0.6469 
1.0046 -0.3352 
-0.1108 0.0546 
-1.2283 0.5294 
-1.2102 1.1122 
0.7266 -0.6784 
1.0339 -0.7439 
-0.8911 0.4312 
0.0059 -0.1676 
0.9409 -0.1385 
-0.3303 0.096 
-0.0409 0.6523 
-0.165 -0.2701 
1.1461 -0.2771 
1.1682 0.2223 
-0.3118 -0.1619 
1.22 0.3018 
-0.9455 -0.4414 
-1.1144 0.2035 
1.0349 0.1692 
-0.0883 0.9262 
0.8736 0.5812 
1.045 0.7359 
-0.1853 0.3538 
0.1454 -0.2561 
-0.1177 -0.1326 
-1.2741 0.3801 
-0.1365 -0.3828 
-0.9166 -0.7786 
1.0702 -0.1608 
1.0031 -0.3236 
0.9707 0.1436 
-0.0291 -0.1667 
1.2315 -1.033 
0.3192 1.0479 
1.0267 0.7972 
-1.22 -0.1864 
0.917 0.5645 
0.0979 -0.3589 
-0.9851 -0.8426 
0.0397 -0.1064 
-1.012 0.0465 
-1.1 -1.1928 
-1.1566 -0.0923 
0.8411 0.0556 
-0.909 -0.5257 
0.9895 -0.4323 
1.0309 -1.0593 
-0.042 -1.1156 
-0.9 -0.9384 
0.861 -0.2455 
-0.2016 -0.1039 
0.1246 -0.1641 
0.1539 -0.6236 
-0.0921 -0.2828 
-0.1526 -0.4696 
-0.0371 0.4309 
0.1038 -0.5526 
-1.1495 -0.7007 
-1.0932 0.3916 
-0.0239 -0.67 
1.1843 -1.1971 
0.9845 -0.0367 
-0.953 0.0419 
1.2424 0.1151 
-0.1311 -0.3108 
-1.1874 0.1117 
-1.1035 -0.0387 
-0.9313 0.5104 
1.0885 -0.8842 
0.0216 -0.8483 
0.068 -1.0266 
-0.2069 0.1612 
-0.9442 0.617 
-1.1585 -0.2035 
0.9616 -0.4072 
0.202 -0.5407 
1.0205 0.4593 
1.2639 -0.2267 
0.005 0.6768 
0.8752 -0.0249 
0.0403 0.1911 
-0.1096 -0.3295 
0.9346 0.5506 
1.096 0.022 
1.0737 0.0176 
-0.0012 -0.1357 
0.224 0.5715 
-1.2558 -0.6021 
0.0082 -0.2701 
0.9146 0.7617 
0.7685 -0.455 
0.856 0.6347 
-1.1235 -0.1875 
-0.1704 0.7814 
-0.1379 -0.3403 
-0.1488 0.1593 
0.0837 -0.4801 
-1.0755 0.5721 
0.0186 -0.2802 
-0.9705 1.2226 
-0.8178 0.1782 
0.795 -0.5551 
0.9719 0.2693 
0.0504 -0.5135 
1.0342 0.0516 
0.1112 -0.1789 
-0.1675 -0.5846 
-0.8245 -1.0748 
0.9196 0.0094 
0.1393 -1.1018 
-0.2335 0.4282 
-0.9804 -0.4928 
-0.8816 -0.1496 
-0.16 -0.0377 
1.1429 -1.0263 
-0.9013 0.2173 
1.0347 0.4252 
0.0502 0.0139 
-1.1742 -0.4701 
-0.2665 0.2125 
-0.9631 -0.6136 
-0.9565 0.6784 
-1.0098 0.9594 
1.326 0.7286 
1.0598 0.2446 
1.0441 -0.4349 
-1.0778 -0.3788 
-1.0734 0.499 
-0.9525 -0.1693 
0.9847 -0.2435 
0.9405 0.6235 
-0.184 0.4021 
1.0534 -0.1224 
0.9424 -0.2925 
-0.2783 0.7037 
-1.0947 -0.1143 
-1.0785 0.1982 
-1.1474 -0.8249 
-1.2082 0.0229 
-1.0271 -0.3446 
-1.1409 0.8862 
0.0597 -0.7478 
-0.9876 0.0669 
-0.8627 0.2371 
-0.961 0.0576 
-0.877 -0.3182 
0.1902 0.6583 
-0.9803 -0.2607 
-1.0061 -0.1436 
-0.1011 0.9357 
-0.7745 -0.3092 
-0.6659 -0.1229 
0.0287 -0.3655 
-1.0316 -0.5873 
1.3047 -0.215 
0.0503 -0.089 
-1.1842 -0.7675 
0.815 0.4975 
-0.8874 0.3734 
0.0125 -0.4603 
-0.919 0.4668 
-1.0736 -0.3368 
-0.2719 0.9012 
0.9107 -0.2978 
-0.8224 -0.2714 
-0.0373 0.2043 
-1.1133 -0.8969 
1.1414 -0.3253 
0.9178 -0.28 
1.0713 -0.1115 
1.0082 0.1397 
0.018 0.3942 
-0.182 -0.9681 
-0.1783 -0.4461 
0.9784 -0.0149 
-0.9534 -0.5363 
0.757 -0.6148 
0.1468 0.7638 
-0.0511 -0.7294 
0.1226 0.1367 
-0.9997 0.5402 
-0.9 -0.5559 
-0.0182 0.067 
1.2494 0.4539 
-0.0504 -1.4137 
-0.8303 -1.122 
-0.7652 0.0806 
0.0248 0.4954 
-1.1181 0.9816 
0.0026 0.1524 
-0.8694 -0.3156 
0.992 -0.2091 
1.19 0.0361 
-0.9471 0.1631 
-0.0276 -0.5942 
-0.077 0.7118 
1.1511 0.8496 
1.1228 0.2332 
-1.0624 0.472 
0.9794 0.334 
-0.757 -0.7398 
0.8865 -0.5846 
-1.0657 -0.698 
-0.989 -0.0816 
0.9789 0.6293 
-1.078 0.6528 
1.094 0.0954 
-0.7042 0.0812 
0.2116 -0.241 
0.9157 0.6528 
-1.1172 0.5612 
1.0568 0.4115 
-1.0883 -0.0057 
-0.0216 0.4835 
-1.0747 0.5076 
-0.9144 0.5524 
0.1737 -0.58 
-0.8816 0.4009 
-0.0325 0.528 
-0.0635 -0.5431 
0.1306 -0.1394 
-1.0597 -0.8198 
-0.0813 -0.9947 
-0.0093 0.3725 
-0.7566 0.5331 
1.2015 0.0445 
0.0411 0.9519 
0.9659 0.16 
0.0978 1.3752 
0.9923 -0.5481 
-0.8917 0.6141 
-1.1298 -0.2542 
0.845 -0.3235 
0.1134 -0.4398 
0.8961 -0.2025 
0.919 0.1188 
1.1317 0.7711 
1.0467 0.0444 
-0.9862 -0.6656 
0.9518 0.099 
-0.8494 0.5087 
-1.051 -0.0927 
-1.0422 0.5338 
0.9865 0.2284 
-0.8888 0.3062 
-0.1288 -0.8748 
0.9804 -0.8233 
-0.0286 0.1315 
-0.9044 -0.4228 
-0.0565 -0.0763 
-0.3212 0.6633 
-0.2961 0.3658 
-0.1132 -0.084 
-0.8379 -0.1358 
1.0154 0.2006 
-0.9353 -0.4283 
-0.9551 0.9768 
-1.0329 -0.2025 
0.9626 0.404 
0.9695 -0.2353 
0.9916 -0.0043 
-0.8842 0.4473 
-1.1332 -0.8431 
-1.1517 0.1372 
1.0484 -0.6273 
0.9491 0.0169 
1.231 0.6136 
0.9722 -0.0868 
-0.893 -0.4439 
0.9557 -0.6703 
1.0663 -0.0022 
-0.9297 0.5558 
1.1995 0.6926 
-0.0248 0.2412 
-0.0276 -1.0597 
-0.0847 -0.2661 
-0.055 0.4268 
0.1761 0.2208 
-1.1076 -0.3689 
0.0393 -0.5579 
-1.053 0.5072 
-0.9007 -0.1194 
-0.8952 0.1354 
1.079 -0.3683 
0.8242 0.1583 
0.0881 -0.264 
-1.0685 -0.3066 
1.0933 0.1178 
-1.0248 0.1813 
1.0938 -0.2757 
0.1508 -0.9777 
-0.08 0.1131 
1.3092 0.4138 
-1.0389 0.2924 
-1.1188 0.0037 
0.9846 0.1389 
-0.1318 -0.4831 
-0.949 -0.3326 
0.2917 -0.7268 
0.1396 -0.1454 
-1.1855 -0.3067 
1.0379 -0.098 
0.9975 -0.9902 
0.172 0.0559 
0.0443 1.2094 
0.1998 0.0657 
-0.981 -0.4739 
-0.2283 -0.1388 
-0.7997 0.1112 
-1.0124 0.5555 
-1.1867 0.3206 
0.8882 0.5754 
1.1801 -0.1234 
-1.3161 0.2457 
-0.0015 -0.2994 
-1.2513 -0.6015 
-1.0895 0.0094 
0.939 0.7388 
0.1416 -0.2242 
0.0085 -0.1571 
-0.7575 -0.3781 
-1.0136 -0.3065 
-0.9633 0.0945 
-0.0069 -0.245 
0.8981 0.4194 
0.8474 -0.3569 
-0.1343 0.5461 
0.9745 -0.5665 
-0.9034 -0.4842 
1.2767 0.3717 
0.9106 0.1041 
-1.0348 0.2717 
-1.1631 0.8752 
1.0035 0.0316 
-1.2211 -0.5921 
1.1302 0.3245 
0.9809 -0.5009 
-0.9087 -0.4289 
0.0256 0.7938 
-1.011 0.6201 
0.115 0.2513 
-0.0871 -0.3621 
-0.8526 0.7507 
-1.2592 0.2198 
-0.8951 -0.6202 
-0.0224 -0.3952 
-0.0144 0.0033 
-0.0447 -0.0908 
0.0554 -0.2477 
-1.3099 0.5293 
-0.787 -0.7033 
-0.8349 -0.8783 
0.7211 0.526 
-0.093 -0.0146 
-0.067 0.5247 
0.37 0.5716 
-0.9097 0.3015 
-1.0137 -0.279 
-0.9918 -0.2042 
-1.0271 -0.0971 
0.9859 0.5129 
0.0934 0.5495 
-1.1408 0.0541 
0.9744 -0.1858 
1.2895 -0.3966 
-0.0582 -0.6071 
-0.0992 0.513 
-1.2144 -0.6635 
1.2635 0.4352 
-0.0592 -0.6175 
-1.0056 0.6756 
0.0897 0.7407 
-1.0488 0.4154 
-0.1847 0.9333 
0.0719 -1.1499 
0.9987 -0.1756 
-0.8841 0.3852 
0.7498 -0.331 
1.0143 0.0983 
0.8291 -1.3106 
-0.0163 -0.6432 
0.9815 0.8758 
-0.0737 -0.4834 
1.0381 0.2817 
0.922 -0.936 
0.8341 0.2124 
0.0155 1.4042 
-0.8264 -0.5075 
-1.0029 -0.253 
0.7556 -0.7179 
-0.0111 0.1889 
-0.8139 -0.6169 
-1.0209 0.0931 
0.1011 0.9439 
0.0665 0.6242 
-0.983 -0.984 
-0.0382 0.6427 
-0.9852 0.37 
-0.0472 -0.5134 
-0.2039 0.1093 
0.0475 -0.0512 
-1.2093 -0.5286 
-0.9577 0.2489 
-0.1201 0.0476 
-0.8669 -0.7823 
0.3464 -0.1996 
-0.9288 0.2345 
0.9182 -0.4787 
-0.7727 -0.8935 
-0.0879 -0.1857 
-0.947 0.2137 
1.0348 -0.39 
0.0277 0.7353 
0.9693 0.8395 
1.2563 -1.1804 
1.3486 -0.1693 
0.2176 -0.1179 
1.14 -0.2723 
0.08 -0.1559 
0.1041 0.5878 
1.0324 -0.342 
0.8902 0.0545 
-0.2521 0.0053 
-0.0499 0.9952 
1.0863 0.1863 
1.2255 1.0704 
0.2557 -0.2038 
0.2512 0.0323 
0.8367 -0.1913 
0.2202 -0.614 
1.083 0.1024 
-0.066 -0.1231 
0.0871 -0.2948 
1.1642 -0.8368 
0.9818 0.474 
0.2102 -0.6902 
-1.1608 0.5102 
0.3103 -0.0242 
-0.9091 -0.9534 
0.0144 -0.6573 
1.3501 -0.5435 
0.7022 0.5341 
-0.8126 0.0785 
-1.0697 0.526 
1.0611 0.8258 
-1.1459 0.6088 
1.0674 -0.4549 
0.0466 -0.5941 
1.2291 0.0942 
0.1597 0.6516 
0.9755 -0.5703 
0.9195 0.5366 
0.9316 -0.0808 
-1.1204 -0.1274 
-0.8897 0.0725 
1.1139 1.2374 
0.8907 -0.7938 
0.0417 0.1433 
0.0927 0.2715 
1.1149 0.2713 
0.1796 0.357 
0.0794 0.6684 
1.1469 -0.1489 
1.0263 0.3344 
-1.1052 0.1719 
0.9522 -1.3052 
-0.1707 0.0948 
-1.2988 1.0023 
-1.0542 0.473 
-0.9993 -0.5309 
0.9325 0.2919 
-0.8729 -0.8033 
-0.2339 -0.8988 
-0.0229 -0.5875 
-0.8278 -0.1119 
0.7558 0.725 
-1.3112 -0.8712 
0.1964 -0.1511 
0.9484 0.4737 
-0.8715 -0.008 
1.0754 0.1217 
1.0193 -0.1183 
0.9239 0.7449 
-0.9284 -0.7811 
0.1561 -0.6093 
0.8413 -0.6376 
-0.3357 0.6974 
0.1271 0.1736 
0.9585 -0.2008 
0.2212 0.4349 
-0.9703 -0.737 
1.1214 0.0197 
0.9547 -0.556 
-0.7871 -1.0877 
-0.9955 -0.0422 
0.9821 -0.416 
0.9608 0.474 
-0.8634 0.9702 
-0.9222 -0.4349 
-0.8319 -0.6338 
0.1989 -0.3177 
0.9815 1.1041 
1.161 -0.5059 
-0.0442 -0.0718 
1.2183 -0.0213 
1.1826 -0.1417 
1.15 0.4116 
-0.0524 -0.2392 
-1.0124 -0.823 
-0.9816 0.4131 
0.0222 0.4528 
-1.0901 0.9902 
-1.004 1.0279 
0.9511 0.0186 
-0.0406 -0.4739 
1.0412 -0.3118 
0.1439 0.7483 
-0.9729 0.3386 
-0.9912 0.0419 
-0.0857 -0.0417 
-0.7898 0.569 
1.1317 0.7033 
0.0123 0.0578 
0.7958 -1.1605 
0.9768 0.1428 
-0.0721 -0.0388 
-1.1579 0.2214 
-0.2078 -0.68 
-0.9759 -0.4159 
-0.8047 -0.1219 
-0.0607 0.3731 
-1.1404 0.0151 
0.146 0.961 
0.1819 -0.7773 
0.2096 -0.1796 
-0.2695 -0.496 
0.9631 1.5911 
-0.9231 -0.2471 
0.0922 0.339 
1.0381 0.2519 
-0.0601 0.7324 
0.2195 0.4807 
0.2283 -0.1249 
0.2176 0.97 
0.9581 -0.3318 
1.0058 -0.0671 
0.0868 0.6706 
0.8614 0.3889 
-1.151 -0.296 
-0.0982 0.2699 
-0.8134 -0.5782 
0.8906 -0.1051 
-1.0854 -0.2672 
0.954 -0.5502 
-0.9735 0.4697 
-0.8614 -1.0296 
-0.7997 0.143 
-0.0024 -0.201 
0.2787 -0.113 
-0.9897 0.0661 
1.2483 -0.0152 
-0.0597 -0.431 
-0.1064 0.7353 
-0.1482 0.2651 
-0.969 0.5191 
1.3014 -0.0368 
-1.1121 -0.5406 
-1.0289 0.0297 
-0.939 0.4404 
0.9024 -0.2875 
-1.1805 -0.491 
-0.0701 0.3414 
0.2379 0.8564 
-0.818 -0.2047 
1.1801 -0.6764 
0.1725 0.6737 
-1.0175 -0.7303 
0.8793 0.3114 
0.0402 -0.755 
-1.0258 -1.1767 
1.017 0.0492 
-0.9741 -0.0441 
-0.2126 -0.4499 
1.1351 -0.2813 
0.1981 -0.4757 
0.0087 -0.9715 
0.0037 0.5879 
0.146 -0.5186 
-0.136 -1.6994 
-1.1102 0.5015 
0.9945 0.2936 
1.0026 0.3989 
-0.9609 -0.1043 
1.0846 -0.3071 
0.6362 0.2917 
0.2334 0.1568 
-1.0343 -0.2569 
0.8636 0.4125 
1.4517 -0.0858 
0.0458 1.2238 
-1.2121 -0.0499 
