1000 2
0.203 0.1027 
0.1952 0.0878 
0.7907 0.1061 
0.7122 0.7036 
0.8211 0.7157 
0.2573 0.7477 
0.7743 0.7424 
0.1851 0.7585 
0.2164 0.7804 
0.159 0.1073 
0.8161 0.1175 
0.7972 0.7337 
0.2445 0.5808 
0.2048 0.0908 
0.8004 0.6912 
0.742 0.6676 
0.1916 0.0611 
0.7196 0.6633 
0.7421 0.7898 
0.8165 0.6606 
0.5669 0.4647 
0.1856 0.1551 
0.8214 0.0939 
0.6597 0.8576 
0.7719 0.7334 
0.8883 0.6152 
0.184 0.1141 
0.6192 0.8277 
0.1928 0.1192 
0.8785 0.6218 
0.8061 0.7641 
0.2119 0.0862 
0.1949 0.6649 
0.8054 0.0988 
0.8414 0.618 
0.7967 0.6336 
0.8531 0.6532 
0.1885 0.0857 
0.7314 0.6748 
0.5301 0.417 
0.1968 0.0929 
0.2044 0.1265 
0.8748 0.667 
0.7378 0.7456 
0.7035 0.7475 
0.4495 0.5464 
0.2496 0.1454 
0.2211 0.6786 
0.7877 0.1014 
0.1695 0.6966 
0.8374 0.6638 
0.7772 0.7561 
0.2469 0.1162 
0.7115 0.706 
0.8194 0.6344 
0.539 0.5255 
0.488 0.4888 
0.2033 0.0081 
0.4984 0.5008 
0.8182 0.7123 
0.5497 0.516 
0.4719 0.4316 
0.8197 0.6853 
0.0948 0.7484 
0.4729 0.4747 
0.8173 0.7471 
0.8826 0.7716 
0.1297 0.1172 
0.8727 0.5988 
0.7807 0.0892 
0.528 0.3888 
0.1288 0.0985 
0.1552 0.7835 
0.2048 0.0416 
0.513 0.5212 
0.8007 0.1182 
0.1873 0.1112 
0.1746 0.6254 
0.2061 0.1573 
0.8589 0.6126 
0.7471 0.6227 
0.1517 0.1165 
0.1732 0.1086 
0.532 0.4268 
0.4945 0.5575 
0.2221 0.7365 
0.4695 0.484 
0.728 0.6774 
0.9067 0.7673 
0.8828 0.6853 
0.9425 0.8492 
0.1411 0.7262 
0.5203 0.4529 
0.658 0.7495 
0.1662 0.0733 
0.8637 0.5228 
0.1515 0.1169 
0.1929 0.7111 
0.5044 0.4237 
0.7871 0.6377 
0.233 0.0792 
0.2415 0.5754 
0.8075 0.1328 
0.5314 0.637 
0.185 0.1298 
0.1969 0.1345 
0.8268 0.6819 
0.801 0.7404 
0.2382 0.0773 
0.2676 0.0965 
0.8535 0.6606 
0.2349 0.159 
0.1653 0.6015 
0.4624 0.5438 
0.7966 0.1091 
0.849 0.6935 
0.6959 0.7432 
0.8384 0.8023 
0.9023 0.691 
0.8194 0.8181 
0.7295 0.7691 
0.5017 0.4904 
0.8661 0.6765 
0.8703 0.6885 
0.7874 0.1297 
0.8854 0.7001 
0.9279 0.7407 
0.1139 0.7016 
0.6455 0.7164 
0.7702 0.7345 
0.6252 0.6319 
0.824 0.7676 
0.5102 0.518 
0.7312 0.6877 
0.8881 0.6065 
0.2475 0.1814 
0.4849 0.509 
0.4863 0.4878 
0.7968 0.1249 
0.7626 0.6721 
0.2974 0.6594 
0.0458 0.5992 
0.789 0.1135 
0.7897 0.1161 
0.8264 0.6167 
0.8679 0.6629 
0.5384 0.5189 
0.8381 0.4673 
0.1171 0.6927 
0.5048 0.4467 
0.1634 0.1166 
0.2483 0.6482 
0.2105 0.1897 
0.7706 0.6971 
0.1775 0.1619 
0.2546 0.7755 
0.1685 0.1331 
0.6916 0.7618 
0.1361 0.7405 
0.7908 0.0803 
0.8082 0.0914 
0.2075 0.0876 
0.5105 0.4216 
0.4962 0.4973 
0.481 0.5034 
0.7508 0.6989 
0.482 0.4389 
0.1819 0.6807 
0.8093 0.6465 
0.8638 0.7883 
0.5217 0.572 
0.2111 0.6345 
0.8356 0.6186 
0.8254 0.0383 
0.9121 0.7396 
0.5903 0.5492 
0.2275 0.01 
0.7013 0.6644 
0.2215 0.0797 
0.4557 0.4464 
0.1643 0.1402 
0.1943 0.0692 
0.7859 0.8716 
0.6999 0.7432 
0.2324 0.1502 
0.8444 0.7501 
0.7875 0.0973 
0.2055 0.1065 
0.5267 0.5181 
0.474 0.4979 
0.1673 0.1129 
0.1706 0.135 
0.8987 0.7389 
0.4993 0.4773 
0.5046 0.556 
0.8017 0.1164 
0.1911 0.1448 
0.225 0.0906 
0.4825 0.5574 
0.4696 0.5202 
0.791 0.1193 
0.7674 0.7028 
0.7102 0.614 
0.7637 0.6613 
0.8111 0.1358 
0.3331 0.5991 
0.1758 0.6742 
0.8469 0.6284 
0.4745 0.4696 
0.1932 0.0878 
0.8695 0.7213 
0.4566 0.5227 
0.7019 0.745 
0.776 0.1018 
0.7938 0.7478 
0.1689 0.0516 
0.7662 0.8181 
0.8003 0.1176 
0.213 0.037 
0.8118 0.7625 
0.252 0.1222 
0.7999 0.6508 
0.8183 0.0964 
0.1427 0.0889 
0.7869 0.107 
0.1765 0.1566 
0.8981 0.7763 
0.7941 0.6312 
0.8889 0.7779 
0.8295 0.0884 
0.8867 0.7329 
0.5019 0.6048 
0.1661 0.0448 
0.1402 0.0296 
0.8067 0.0721 
0.8 0.0889 
0.208 0.6598 
0.8148 0.5742 
0.4991 0.4861 
0.7957 0.7662 
0.8052 0.5554 
0.5107 0.5446 
0.2139 0.0624 
0.7928 0.13 
0.2306 0.0757 
0.7606 0.7342 
0.8157 0.1078 
0.2051 0.0583 
0.1672 0.1868 
0.7166 0.5709 
0.8302 0.634 
0.811 0.7709 
0.508 0.4708 
0.267 0.7392 
0.236 0.2099 
0.7922 0.1114 
0.8305 0.0975 
0.8036 0.0827 
0.4869 0.4503 
0.8479 0.6472 
0.2267 0.7008 
0.7458 0.808 
0.8096 0.0951 
0.5233 0.4683 
0.461 0.4796 
0.7952 0.1161 
0.7151 0.5849 
0.7864 0.6484 
0.5233 0.5415 
0.5089 0.4763 
0.8214 0.1014 
0.8356 0.6671 
0.295 0.7501 
0.1594 0.6449 
0.8034 0.0993 
0.8065 0.1001 
0.211 0.7706 
0.5055 0.5234 
0.1905 0.6678 
0.4598 0.5112 
0.6238 0.7389 
0.7131 0.6732 
0.2219 0.0346 
0.8097 0.0975 
0.1647 0.0894 
0.1809 0.1566 
0.7458 0.6955 
0.78 0.1048 
0.7653 0.6374 
0.8358 0.6628 
0.6879 0.6284 
0.4834 0.4818 
0.2383 0.0684 
0.4768 0.4723 
0.49 0.4832 
0.1663 0.0819 
0.1926 0.0743 
0.1938 0.1866 
0.9548 0.7098 
0.8028 0.0985 
0.7843 0.1155 
0.4935 0.5022 
0.7503 0.7298 
0.2131 0.6704 
0.8453 0.7498 
0.9272 0.6688 
0.2563 0.1582 
0.4245 0.4538 
0.8123 0.5192 
0.795 0.0856 
0.1794 0.6819 
0.8131 0.1001 
0.7806 0.7341 
0.8018 0.1035 
0.8041 0.0712 
0.8175 0.8357 
0.1456 0.1843 
0.4325 0.4917 
0.1519 0.6691 
0.2101 0.1772 
0.8159 0.6604 
0.6415 0.7072 
0.7765 0.6676 
0.7939 0.101 
0.8011 0.124 
0.7767 0.0792 
0.288 0.0681 
0.4739 0.4779 
0.7972 0.1064 
0.8265 0.7234 
0.2696 0.7547 
0.9329 0.7265 
0.2309 0.1624 
0.1918 0.1271 
0.7849 0.0955 
1.0345 0.713 
0.5278 0.5094 
0.1855 0.6805 
0.7908 0.7861 
0.197 0.1274 
0.7032 0.6466 
0.859 0.7479 
0.7245 0.6573 
0.1628 0.7303 
0.4643 0.5823 
0.1989 0.1535 
0.5228 0.546 
0.8116 0.1177 
0.8193 0.1111 
0.7431 0.6037 
0.1631 0.0836 
0.8628 0.7304 
0.1381 0.6539 
0.6409 0.7916 
0.9363 0.5929 
0.8981 0.6312 
0.2915 0.7889 
0.215 0.7022 
0.792 0.753 
0.1924 0.1354 
0.804 0.1082 
0.2849 0.6422 
0.52 0.447 
0.8155 0.792 
0.6745 0.7381 
0.0444 0.6855 
0.2534 0.0951 
0.5375 0.478 
0.859 0.8404 
0.2432 0.1193 
0.7541 0.8114 
0.9334 0.594 
0.6622 0.828 
0.2156 0.154 
0.2507 0.0884 
0.7648 0.7334 
0.7994 0.089 
0.7377 0.6037 
0.5422 0.515 
0.175 0.0506 
0.8246 0.0576 
0.2639 0.7459 
0.4574 0.4814 
0.7959 0.64 
0.4817 0.4432 
0.1766 0.0855 
0.2646 0.6316 
0.8036 0.0843 
0.5448 0.4238 
0.1053 0.6395 
0.7315 0.7188 
0.1556 0.1264 
0.5021 0.5515 
0.5308 0.4828 
0.673 0.697 
0.9262 0.6318 
0.5054 0.5536 
0.5158 0.4545 
0.2497 0.1324 
0.8134 0.6351 
0.115 0.0653 
0.2168 0.0905 
0.7981 0.0761 
0.2004 0.7179 
0.8888 0.8407 
0.7642 0.0861 
0.4495 0.4867 
0.8258 0.6803 
0.886 0.7861 
0.8121 0.8408 
0.1846 0.727 
0.2305 0.1316 
0.2056 -0.0381 
0.1492 0.6478 
0.7191 0.741 
0.822 0.0831 
0.3027 0.6019 
0.6088 0.7835 
0.7423 0.6303 
0.8488 0.7529 
0.7667 0.7261 
0.7347 0.5891 
0.1935 0.7284 
0.1769 0.1174 
0.7397 0.764 
0.5553 0.5029 
0.8115 0.0837 
0.2311 0.0721 
0.2355 0.707 
0.1704 0.0644 
0.1905 0.1348 
0.8076 0.102 
0.2141 0.1718 
0.779 0.7428 
0.9326 0.6618 
0.807 0.9061 
0.2399 0.6837 
0.8045 0.1091 
0.8097 0.1209 
0.4503 0.5717 
0.8669 0.6542 
0.2014 0.1011 
0.308 0.6333 
0.2461 0.0834 
0.1661 0.0957 
0.7917 0.0916 
0.2078 0.6275 
0.8414 0.6557 
0.7131 0.6695 
0.2391 0.0893 
0.7956 0.137 
0.8111 0.709 
0.7549 0.6582 
0.771 0.819 
0.8156 0.6919 
0.7096 0.7093 
0.4994 0.5895 
0.5227 0.5131 
0.1777 0.1331 
0.8308 0.7075 
0.2013 0.7052 
0.6897 0.7605 
0.6447 0.7247 
0.4601 0.4279 
0.5254 0.4746 
0.7278 0.6651 
0.8927 0.7319 
0.1732 0.1146 
0.7617 0.5954 
0.9024 0.7696 
0.1957 0.7381 
0.7029 0.6626 
0.7988 0.0803 
0.5295 0.5827 
0.7289 0.7044 
0.5292 0.5895 
0.1652 0.0205 
0.4877 0.4867 
0.1544 0.0444 
0.798 0.0651 
0.1736 0.1643 
0.5065 0.5244 
0.8073 0.1001 
0.7125 0.5435 
0.973 0.716 
0.6771 0.5699 
0.8054 0.7942 
0.1362 0.6493 
0.529 0.5281 
0.7342 0.6002 
0.773 0.1051 
0.2493 0.6725 
0.7258 0.7348 
0.161 0.0517 
0.7463 0.8623 
0.7759 0.6686 
0.1858 0.8021 
0.7873 0.6775 
0.2051 0.0971 
0.2003 0.1389 
0.7958 0.0845 
0.1609 0.2227 
0.8504 0.6538 
0.2479 0.7636 
0.2065 0.0707 
0.204 0.7001 
0.0976 0.7359 
0.1243 0.7334 
0.2285 0.6985 
0.8456 0.7299 
0.8276 0.5926 
0.5198 0.5833 
0.7539 0.5607 
0.9603 0.6308 
0.7925 0.0869 
0.1689 0.6478 
0.3903 0.6599 
0.7769 0.7214 
0.8303 0.7683 
0.7619 0.6877 
0.7315 0.6929 
0.8016 0.1107 
0.488 0.5799 
0.1517 0.1352 
0.4741 0.4769 
0.2184 0.0092 
0.7586 0.6725 
0.1878 0.1065 
0.2062 0.134 
0.1629 0.1703 
0.7241 0.6844 
0.8122 0.1078 
0.1698 0.0254 
0.8581 0.5016 
0.6773 0.6822 
0.2159 0.078 
0.9315 0.7389 
0.8369 0.8266 
0.8827 0.8705 
0.8091 0.6168 
0.4658 0.5159 
0.1869 0.1037 
0.8158 0.6001 
0.8248 0.5569 
0.8602 0.7161 
0.1937 0.1521 
0.7246 0.6679 
0.2906 0.6713 
0.901 0.6257 
0.2361 0.136 
0.821 0.1218 
0.6631 0.7337 
0.2573 0.0097 
0.2103 0.0504 
0.814 0.7189 
0.1852 0.1207 
0.8658 0.6219 
0.144 0.6963 
0.2214 0.08 
0.2437 0.0298 
0.8136 0.6548 
0.8953 0.7064 
0.4888 0.5286 
0.9391 0.5856 
0.1806 0.6255 
0.2042 0.0576 
0.2109 0.1127 
0.1548 0.1091 
0.8782 0.7241 
0.8219 0.7882 
0.1412 0.1283 
0.2233 0.128 
0.1072 0.7423 
0.8192 0.0934 
0.2522 0.0675 
0.775 0.8457 
0.7951 0.7585 
0.1594 0.0962 
0.802 0.0836 
0.8061 0.1106 
0.8781 0.7192 
0.8141 0.0973 
0.7695 0.7006 
0.2395 0.0534 
0.2173 0.0473 
0.1792 0.6635 
0.2068 0.7796 
0.24 0.0716 
0.8788 0.5974 
0.4953 0.5153 
0.8141 0.0831 
0.3292 0.6863 
0.829 0.0942 
0.2026 0.0141 
0.5423 0.3953 
0.429 0.6601 
0.7936 0.6866 
0.1959 0.1493 
0.8476 0.7592 
0.4936 0.4231 
0.7642 0.1164 
0.2699 0.7824 
0.2095 0.1237 
0.783 0.0877 
0.7769 0.1281 
0.213 0.1551 
0.7024 0.6203 
0.4741 0.5384 
0.2308 0.0321 
0.1915 0.6961 
0.8278 0.6832 
0.1893 0.0762 
0.7449 0.6965 
0.2366 0.1236 
0.7704 0.0778 
0.2262 0.1311 
0.1747 0.029 
0.2124 0.1256 
0.8455 0.723 
0.1785 0.6758 
0.7745 0.6456 
0.8094 0.774 
0.2535 0.7228 
0.1352 0.1863 
0.6965 0.652 
0.8271 0.4878 
0.8446 0.6837 
0.8507 0.786 
0.7567 0.552 
0.2303 0.1256 
0.8004 0.1138 
0.8148 0.7164 
0.242 0.1595 
0.8064 0.0888 
0.4962 0.4864 
0.8004 0.0772 
0.2074 0.1641 
0.8015 0.0755 
0.6293 0.5902 
0.8444 0.8035 
0.5165 0.4499 
0.8377 0.1161 
0.8361 0.6132 
0.8284 0.5592 
0.8237 0.6428 
0.1513 0.0938 
0.1334 0.732 
0.8123 0.7165 
0.5322 0.4903 
0.5241 0.506 
0.738 0.6012 
0.194 0.0479 
0.1834 0.7169 
0.5001 0.4646 
0.1897 0.1311 
0.6606 0.7019 
0.486 0.4997 
0.1997 0.122 
0.2237 0.0043 
0.1741 -0.013 
0.1895 0.0915 
0.2174 0.0803 
0.4635 0.4667 
0.7969 0.0957 
0.9039 0.7318 
0.1019 0.6882 
0.7828 0.0972 
0.8518 0.694 
0.742 0.7365 
0.1225 0.7353 
0.4586 0.5408 
0.4695 0.4857 
0.8521 0.7011 
0.8729 0.7017 
0.8687 0.7589 
0.5302 0.524 
0.2023 0.114 
0.2214 0.1221 
0.8065 0.0906 
0.1828 -0.0068 
0.1614 0.6815 
0.835 0.1202 
0.238 0.0354 
0.4593 0.4484 
0.7261 0.6588 
0.7881 0.8223 
0.2013 0.0262 
0.8037 0.0572 
0.4605 0.4936 
0.1616 0.675 
0.2144 0.1152 
0.4774 0.5604 
0.9765 0.6791 
0.8948 0.7365 
0.2182 0.7097 
0.9118 0.8035 
0.1713 0.5653 
0.746 0.739 
0.82 0.6637 
0.5284 0.4608 
0.8184 0.7309 
0.8084 0.6644 
0.1553 0.0531 
0.2572 0.1459 
0.8289 0.6958 
0.81 0.0962 
0.8252 0.1284 
0.8133 0.6416 
0.8823 0.6442 
0.5322 0.4961 
0.1977 0.1271 
0.2039 0.1272 
1.0125 0.6498 
0.7865 0.6282 
0.5166 0.5148 
0.8419 0.7087 
0.777 0.6438 
0.7971 0.684 
0.161 0.0754 
0.1898 0.0769 
0.766 0.5998 
0.8067 0.1196 
0.8116 0.101 
0.7227 0.7745 
0.2282 0.705 
0.8107 0.7578 
0.5115 0.4592 
0.7177 0.5872 
0.1769 0.1299 
0.7903 0.0771 
0.7753 0.6686 
0.823 0.6802 
0.7894 0.1169 
0.1835 0.0872 
0.4966 0.5287 
0.7849 0.0796 
0.7972 0.1117 
0.2379 0.7851 
0.8218 0.0843 
0.2377 0.0852 
0.8044 0.0886 
0.8889 0.6546 
0.5566 0.4422 
0.825 0.1069 
0.4899 0.5404 
0.2062 0.1315 
0.9184 0.6382 
0.8672 0.6897 
0.2158 0.1376 
0.2023 0.0738 
0.4931 0.4383 
0.7863 0.6484 
0.8473 0.6092 
0.8254 0.6654 
0.47 0.5365 
0.8621 0.6839 
0.795 0.0923 
0.5074 0.4505 
0.8285 0.5895 
0.7692 0.7856 
0.5159 0.4907 
0.2146 0.1868 
0.8101 0.7526 
0.7154 0.7157 
0.1641 0.0819 
0.811 0.6002 
0.2105 0.1518 
0.8362 0.1054 
0.7354 0.6758 
0.7878 0.6043 
0.7598 0.7541 
0.7324 0.8068 
0.2351 0.0925 
0.2182 0.1746 
0.7757 0.6917 
0.8957 0.6186 
0.2102 0.0744 
0.1174 0.7105 
0.1598 0.1345 
0.1935 -0.01 
0.2144 0.6061 
0.7905 0.7853 
0.6567 0.7561 
0.9426 0.6936 
0.1922 0.2132 
0.2141 0.1525 
0.4798 0.4477 
0.8679 0.681 
0.1798 0.0986 
0.4849 0.5267 
0.9611 0.6921 
0.7569 0.8029 
0.2798 0.1367 
0.2039 0.0372 
0.7982 0.086 
0.1982 0.1341 
0.1768 0.0554 
0.4925 0.5351 
0.8437 0.6741 
0.4611 0.3816 
0.1482 0.0668 
0.1567 0.0078 
0.7851 0.637 
0.1939 0.0564 
0.1877 0.1555 
0.8036 0.5906 
0.1309 0.0878 
0.8574 0.5873 
0.0785 0.7097 
0.6735 0.7359 
0.2728 0.0648 
0.3259 0.5879 
0.1873 0.1767 
0.1834 0.1654 
0.1949 0.6984 
0.2236 0.1769 
0.8861 0.6042 
0.9042 0.7664 
0.1542 0.6526 
0.2925 0.6993 
0.7603 0.6016 
0.2419 0.1037 
0.7808 0.0615 
0.9153 0.7595 
0.734 0.6801 
0.1618 0.7385 
0.1407 0.074 
0.4843 0.4424 
0.9079 0.7638 
0.6989 0.7715 
0.7875 0.7282 
0.7632 0.8148 
0.8139 0.7589 
0.1947 0.6135 
0.2014 0.1072 
0.7986 0.1054 
0.2119 0.1591 
0.7077 0.6358 
0.8268 0.7227 
0.8932 0.7607 
0.7547 0.6966 
0.1743 0.106 
0.1707 0.0662 
0.197 0.1453 
0.8099 0.7395 
0.7556 0.6023 
0.7712 0.6482 
0.8019 0.6464 
0.2057 -0.0072 
0.7828 0.7543 
0.7142 0.6693 
0.7509 0.5774 
0.8111 0.0949 
0.148 0.6708 
0.4474 0.5201 
0.7735 0.7834 
0.8028 0.0802 
0.1824 0.0687 
0.2071 0.1969 
0.7875 0.084 
0.8208 0.8969 
0.2207 0.1997 
0.7994 0.1219 
0.1886 0.1256 
0.1779 0.1307 
0.808 0.4501 
0.1189 0.0302 
0.5051 0.5068 
0.8291 0.0976 
0.7334 0.5916 
0.9094 0.7585 
0.1868 0.1104 
0.1341 0.5564 
0.8307 0.6871 
0.1792 0.039 
0.447 0.4799 
0.7327 0.6376 
0.4943 0.5138 
0.2285 0.0694 
0.1955 0.037 
0.1643 0.1258 
0.4813 0.5763 
0.8006 0.0848 
0.9349 0.7317 
0.8051 0.7363 
0.7459 0.5607 
0.7683 0.7301 
0.7926 0.132 
0.1854 0.1213 
0.8151 0.1117 
0.4875 0.4988 
0.2239 0.08 
0.0694 0.6322 
0.7479 0.6574 
0.5226 0.4629 
0.1887 0.02 
0.7684 0.6067 
0.845 0.6553 
0.2199 0.0759 
0.5244 0.4677 
0.1682 0.1795 
0.164 0.1207 
0.2222 0.7102 
0.7864 0.8574 
0.8253 0.6935 
0.7649 0.6516 
0.7032 0.5443 
0.791 0.0966 
0.8259 0.661 
0.8044 0.0771 
0.1618 0.6377 
0.1889 0.6476 
0.2538 0.083 
0.8551 0.8633 
0.826 0.0919 
0.2663 0.1974 
0.1661 0.0871 
0.165 0.6494 
0.7566 0.6502 
0.8199 0.096 
0.0788 0.7748 
0.755 0.7056 
0.7382 0.7716 
0.5505 0.4995 
0.1373 0.6338 
0.8077 0.7544 
0.2517 0.6794 
0.3042 0.752 
0.8825 0.5511 
0.8168 0.0734 
0.1716 0.6901 
0.2623 0.7052 
0.1571 0.7493 
0.8011 0.127 
0.8221 0.722 
0.9381 0.7133 
0.505 0.4913 
0.8156 0.0778 
0.2255 0.701 
0.699 0.8998 
0.6887 0.6329 
0.4905 0.4459 
0.7699 0.7395 
0.5188 0.562 
0.7929 0.6364 
0.8049 0.0955 
0.8719 0.6979 
0.1932 0.2028 
0.9766 0.7639 
0.79 0.093 
0.2118 0.1268 
0.2025 0.0812 
0.226 0.1693 
0.8244 0.5871 
0.2242 0.114 
0.1994 0.7005 
0.189 0.0691 
0.9755 0.6333 
0.7988 0.0755 
0.4941 0.5357 
0.7924 0.6252 
0.7842 0.7239 
0.8028 0.0816 
0.8683 0.6382 
0.7973 0.8208 
0.9202 0.7651 
0.2206 0.0575 
0.1936 0.1411 
0.7531 0.6737 
0.2233 0.0756 
0.1656 0.1016 
0.7899 0.1 
0.8564 0.6343 
0.2043 0.1933 
0.1544 0.6747 
0.8594 0.8391 
0.065 0.6834 
0.7839 0.134 
0.8052 0.111 
0.2483 0.6658 
0.5423 0.4263 
0.8473 0.8051 
0.7792 0.5771 
0.2186 0.0776 
0.4598 0.5401 
0.1652 0.1007 
0.7557 0.826 
0.8329 0.7238 
0.6904 0.5113 
0.8099 0.1111 
0.87 0.686 
0.6808 0.5822 
0.8651 0.697 
0.9097 0.6901 
0.2282 0.0853 
0.2049 0.1734 
0.8039 0.0911 
0.7955 0.6549 
0.5436 0.5315 
0.7884 0.6207 
# MultinormalDistribution[{0.2, 0.1}, DiagonalMatrix[{0.001, 0.003}]],
# MultinormalDistribution[{0.2, 0.7}, DiagonalMatrix[{0.004, 0.003}]],
# MultinormalDistribution[{0.5, 0.5}, DiagonalMatrix[{0.001, 0.002}]],
# MultinormalDistribution[{0.8, 0.1}, DiagonalMatrix[{0.0002, 0.0003}]]
# MultinormalDistribution[{0.8, 0.7}, DiagonalMatrix[{0.005, 0.006}]],
