500 2
0.4566 0.4328
0.6114 0.5286
0.4503 0.7116
0.639 0.4607
0.629 0.3235
0.5662 0.2894
0.5677 0.2955
0.436 0.4158
0.5454 0.3675
0.4395 0.5479
0.5122 0.5009
0.3918 0.6103
0.5219 0.5769
0.7194 0.4365
0.2995 0.6231
0.4982 0.4284
0.2741 0.4804
0.3828 0.5441
0.4249 0.2848
0.5207 0.3254
0.4433 0.327
0.3988 0.4492
0.5043 0.311
0.6418 0.4463
0.3875 0.5836
0.394 0.4355
0.531 0.6296
0.6889 0.5242
0.6494 0.3741
0.4656 0.3808
0.6259 0.2979
0.3342 0.4716
0.3668 0.7098
0.7416 0.589
0.3827 0.4527
0.5651 0.4369
0.3508 0.4732
0.5681 0.4228
0.4983 0.3891
0.4364 0.6923
0.6037 0.4684
0.5888 0.4752
0.699 0.3915
0.6752 0.5665
0.6456 0.4576
0.4155 0.5261
0.2919 0.4272
0.4376 0.6447
0.3335 0.469
0.5435 0.5575
0.4412 0.5154
0.5707 0.6263
0.7065 0.3527
0.4431 0.6322
0.3231 0.5143
0.701 0.6058
0.6794 0.3339
0.7159 0.537
0.4798 0.7008
0.41 0.51
0.4901 0.6294
0.466 0.6269
0.3235 0.6393
0.4473 0.7348
0.5557 0.5715
0.5707 0.3322
0.6228 0.3307
0.6007 0.2928
0.6677 0.5753
0.31 0.4527
0.6128 0.5028
0.3286 0.4413
0.3066 0.352
0.6052 0.4821
0.4401 0.4956
0.5981 0.5533
0.4435 0.4623
0.4222 0.341
0.4555 0.4117
0.4721 0.7166
0.7347 0.5759
0.5155 0.7246
0.3273 0.6264
0.4346 0.3634
0.3832 0.2762
0.4802 0.3987
0.538 0.6077
0.3198 0.6242
0.5285 0.548
0.4771 0.4023
0.3333 0.4685
0.6754 0.3197
0.4095 0.4284
0.5007 0.6266
0.4983 0.5382
0.5013 0.5748
0.6892 0.3863
0.7446 0.4866
0.5477 0.6685
0.3915 0.5776
0.5573 0.6179
0.5416 0.4799
0.5138 0.6285
0.4792 0.6496
0.672 0.4041
0.3958 0.6588
0.5787 0.6942
0.6059 0.5304
0.4077 0.4407
0.4272 0.6185
0.516 0.4585
0.5913 0.2654
0.4862 0.4635
0.4114 0.4045
0.4101 0.4946
0.468 0.4129
0.582 0.6872
0.6793 0.3836
0.3894 0.5734
0.4961 0.3291
0.6781 0.3329
0.3497 0.433
0.2854 0.4441
0.4803 0.7466
0.2759 0.4249
0.7166 0.4962
0.6276 0.5523
0.3086 0.6065
0.5184 0.6256
0.3253 0.5187
0.5364 0.3193
0.6361 0.4522
0.6551 0.6738
0.381 0.3443
0.6977 0.5003
0.2939 0.566
0.3951 0.3078
0.5875 0.503
0.4758 0.6571
0.5766 0.6074
0.4312 0.4536
0.4271 0.7324
0.5095 0.6932
0.5182 0.5111
0.4486 0.6812
0.6823 0.4308
0.531 0.2985
0.6009 0.6635
0.4678 0.3948
0.5916 0.3851
0.3878 0.6797
0.3678 0.4372
0.4364 0.4113
0.626 0.433
0.4776 0.7175
0.5055 0.5395
0.5222 0.7032
0.4718 0.6065
0.5051 0.6694
0.6502 0.5707
0.3096 0.5266
0.625 0.4476
0.5054 0.6751
0.6235 0.6422
0.5106 0.4191
0.2911 0.3625
0.3414 0.4837
0.6163 0.4626
0.7069 0.4613
0.5186 0.3725
0.682 0.5734
0.5664 0.4914
0.7086 0.4184
0.525 0.4856
0.6615 0.5495
0.4657 0.567
0.6412 0.4686
0.4354 0.6212
0.3581 0.4778
0.4494 0.4882
0.364 0.6032
0.412 0.3893
0.589 0.7267
0.4313 0.5751
0.4927 0.3815
0.5809 0.2792
0.615 0.4894
0.4909 0.3638
0.4126 0.4123
0.3254 0.3504
0.6975 0.4939
0.4967 0.706
0.3685 0.5382
0.3778 0.3347
0.4921 0.2633
0.4011 0.325
0.6887 0.6418
0.4415 0.2739
0.4446 0.4025
0.6468 0.6894
0.4952 0.5429
0.6197 0.6938
0.2973 0.4831
0.621 0.4966
0.5684 0.32
0.4808 0.3807
0.5132 0.469
0.6977 0.3977
0.4628 0.5465
0.7312 0.4743
0.4507 0.3091
0.4615 0.4535
0.6435 0.6464
0.3301 0.6143
0.6029 0.6008
0.4348 0.5576
0.6933 0.5655
0.5248 0.264
0.5003 0.5419
0.6522 0.6618
0.2903 0.3507
0.5072 0.5065
0.2918 0.5759
0.3755 0.6899
0.6174 0.5282
0.6317 0.5796
0.4089 0.4983
0.6813 0.3164
0.4407 0.5197
0.3728 0.4719
0.4119 0.4918
0.7434 0.4362
0.4942 0.6133
0.5936 0.4102
0.573 0.7284
0.6591 0.6409
0.6095 0.6064
0.4881 0.518
0.5726 0.4763
0.4355 0.528
0.6539 0.4634
0.5068 0.5011
0.4947 0.5597
0.4974 0.4061
0.5234 0.3411
0.4646 0.5291
0.5944 0.6058
0.5677 0.3455
0.6121 0.3484
0.2773 0.482
0.3392 0.6508
0.4142 0.582
0.4673 0.574
0.439 0.3914
0.4166 0.5855
0.4164 0.358
0.4472 0.3239
0.5529 0.6118
0.3861 0.5585
0.7466 0.4852
0.6788 0.5444
0.4417 0.5304
0.7041 0.4291
0.6026 0.6519
0.4515 0.5494
0.3441 0.3145
0.6572 0.3395
0.5391 0.403
0.5786 0.2757
0.7518 0.4981
0.6116 0.3547
0.4439 0.5891
0.5365 0.4694
0.6376 0.5847
0.3227 0.4666
0.7093 0.637
0.4167 0.4098
0.4023 0.446
0.6312 0.4566
0.5139 0.2951
0.5631 0.6915
0.3541 0.4842
0.5265 0.4444
0.5457 0.5896
0.3456 0.4512
0.6507 0.6365
0.7425 0.5347
0.6823 0.6352
0.5081 0.5635
0.5221 0.3878
0.2225 0.7883
0.146 0.7632
0.2375 0.7656
0.198 0.7099
0.2617 0.6704
0.203 0.7348
0.3065 0.6903
0.2843 0.7384
0.2053 0.7428
0.2077 0.7508
0.2388 0.7543
0.218 0.7186
0.2152 0.7712
0.2039 0.7804
0.2608 0.7186
0.2931 0.7146
0.204 0.8185
0.2804 0.7161
0.2224 0.6728
0.188 0.7863
0.2873 0.7946
0.2713 0.7522
0.2526 0.7376
0.2092 0.7543
0.2753 0.7853
0.2029 0.7052
0.2376 0.8251
0.1964 0.7305
0.2515 0.7983
0.2293 0.737
0.2983 0.7609
0.203 0.7985
0.244 0.8033
0.2823 0.6507
0.2606 0.7235
0.2688 0.7244
0.3064 0.79
0.2647 0.7615
0.183 0.7279
0.217 0.7368
0.1818 0.774
0.3066 0.7338
0.2353 0.738
0.31 0.7886
0.2103 0.6875
0.2541 0.7656
0.2781 0.7271
0.2661 0.7916
0.3003 0.7235
0.1815 0.7095
0.2513 0.7439
0.3099 0.7775
0.2307 0.6824
0.2157 0.762
0.1835 0.7981
0.2063 0.7692
0.2948 0.7487
0.3281 0.8104
0.2082 0.7388
0.2306 0.6949
0.2444 0.7655
0.2867 0.7614
0.3015 0.7034
0.2528 0.7755
0.3221 0.7601
0.2558 0.7494
0.172 0.7369
0.188 0.7245
0.1694 0.7154
0.1896 0.682
0.2541 0.7916
0.2576 0.7434
0.2171 0.7294
0.2286 0.7668
0.2525 0.7898
0.3074 0.7015
0.2819 0.7689
0.2695 0.8374
0.2588 0.7255
0.2421 0.82
0.2629 0.7037
0.2547 0.7614
0.2375 0.7267
0.304 0.8009
0.258 0.7189
0.2663 0.752
0.2986 0.7002
0.2592 0.7764
0.206 0.74
0.2179 0.7403
0.318 0.7498
0.2138 0.7943
0.2558 0.6941
0.2522 0.7944
0.3002 0.7431
0.1971 0.7955
0.3188 0.7669
0.2202 0.8429
0.3565 0.7827
0.181 0.7813
0.8378 0.7538
0.7295 0.7796
0.6807 0.7178
0.7639 0.6572
0.7809 0.6593
0.8312 0.7262
0.7433 0.6841
0.6807 0.7475
0.8506 0.7991
0.7569 0.7953
0.7631 0.6853
0.7087 0.7655
0.7031 0.7996
0.6957 0.759
0.7702 0.7495
0.7024 0.7689
0.7534 0.7994
0.6893 0.7349
0.7651 0.6747
0.7052 0.6768
0.7116 0.8175
0.7114 0.7426
0.7064 0.796
0.7941 0.7073
0.8237 0.6795
0.7985 0.7001
0.7666 0.7567
0.7259 0.6646
0.7541 0.7239
0.7449 0.7395
0.7872 0.8173
0.7831 0.7317
0.7652 0.7693
0.752 0.6876
0.7961 0.8394
0.6509 0.7828
0.8012 0.7126
0.8062 0.725
0.7275 0.6983
0.7729 0.7447
0.7803 0.7241
0.7699 0.7932
0.8124 0.7068
0.7304 0.7203
0.7056 0.7745
0.7539 0.6954
0.7362 0.8204
0.7114 0.7294
0.7284 0.7401
0.8199 0.6625
0.6933 0.7484
0.7887 0.6553
0.7587 0.7144
0.7436 0.7411
0.84 0.7398
0.7196 0.7577
0.7387 0.7135
0.7586 0.7415
0.726 0.7199
0.761 0.7666
0.7446 0.7705
0.8042 0.7934
0.8436 0.7235
0.7616 0.7735
0.7447 0.8129
0.6988 0.6993
0.8366 0.7395
0.7055 0.8033
0.7406 0.722
0.7568 0.7515
0.6757 0.7587
0.7097 0.7124
0.6677 0.6982
0.6697 0.695
0.6853 0.7811
0.7673 0.772
0.8117 0.7964
0.7354 0.7631
0.7305 0.7285
0.7354 0.8135
0.8295 0.7768
0.7477 0.7199
0.6927 0.67
0.7522 0.6605
0.7623 0.8025
0.6686 0.7818
0.7701 0.7052
0.7863 0.6901
0.683 0.764
0.6447 0.764
0.7432 0.7725
0.7287 0.6667
0.7067 0.7877
0.7394 0.786
0.7495 0.7328
0.8248 0.7134
0.824 0.7675
0.8155 0.7135
0.7857 0.6819
0.7083 0.7612
0.2909 0.8558
0.7501 0.897
0.0406 0.5072
0.8352 0.1389
0.1747 0.3637
0.1515 0.8766
0.8603 0.6338
0.8621 0.5918
0.916 0.5234
0.4273 0.8338
