3000 2
0.0789 0.689 
1.063 -0.4883 
1.2683 -0.4555 
1.3512 0.3303 
-1.1752 0.0171 
1.0417 0.0436 
0.9027 -0.1456 
-0.0775 0.1545 
1.0232 -0.1987 
-0.4814 0.1437 
0.9748 0.3653 
1.3353 0.1073 
0.9133 0.303 
1.5852 0.4803 
0.9967 0.013 
0.8915 0.6519 
0.6543 0.1066 
0.3634 -0.0718 
0.8822 0.1911 
-1.0222 -0.027 
-1.0004 0.1419 
0.8335 -0.2553 
1.2778 0.4221 
-1.6859 -0.116 
-1.1102 -0.0143 
1.4492 -0.326 
0.2929 -0.069 
-1.1184 -0.1171 
0.7127 -0.2614 
-0.935 -0.1603 
-1.489 0.2064 
1.292 -0.1373 
1.4133 -0.4664 
-1.0159 -0.39 
0.8609 0.1141 
-1.1187 0.1292 
-0.4848 -0.0205 
-0.3321 0.1256 
1.0557 -0.2158 
-0.8281 -0.4688 
0.115 0.1762 
1.0949 0.4703 
-0.8025 0.4004 
1.2827 0.0105 
0.7301 -0.4353 
-1.2901 0.474 
0.0103 -0.1364 
1.608 -0.0749 
-0.3907 -0.164 
-1.1699 0.2954 
1.4226 0.1689 
0.2338 0.3767 
0.1582 -0.0741 
0.3185 -0.3203 
0.8213 0.3547 
0.9657 -0.0641 
0.1026 0.5078 
0.1995 0.4661 
-0.9757 -0.198 
-0.3804 0.1872 
0.6379 0.1514 
0.056 -0.0829 
-1.5362 -0.3839 
0.0981 0.1756 
-0.8436 -0.0935 
-1.4022 0.3844 
0.9564 0.3761 
1.2996 0.0787 
-0.6525 -0.7996 
0.9271 0.3394 
-1.217 0.286 
1.0637 -0.1708 
-0.9443 -0.0721 
-0.2995 0.3729 
-1.5003 -0.3615 
0.6914 0.1591 
-1.036 -0.0761 
1.8192 -0.2271 
-1.0864 0.1543 
-0.1416 0.0546 
0.9564 0.2983 
1.1348 0.6823 
1.1493 -0.2111 
-0.8256 -0.0999 
0.6537 0.2881 
0.2257 -0.0304 
-1.1171 0.3688 
0.8482 -0.1581 
-0.0765 -0.83 
1.2736 -0.0194 
0.5032 0.2046 
-0.4567 -0.1696 
-0.3234 0.2529 
0.5581 0.4559 
-0.142 -0.1319 
-0.3494 0.2752 
-0.7088 0.3754 
1.0891 -0.3474 
1.3685 -0.0561 
-0.6331 0.29 
0.1059 -0.435 
0.2271 -0.3964 
-0.1914 0.0424 
-0.3839 0.0897 
0.6493 -0.3375 
0.7246 0.122 
-0.9498 0.3374 
0.1998 0.1327 
0.9676 0.0636 
-1.1792 -0.3476 
0.2272 0.3283 
-0.6565 -0.0166 
0.2197 -0.035 
0.1675 0.3821 
-0.141 0.3634 
-0.8764 0.1059 
1.2665 0.3486 
-0.1961 0.4918 
0.5186 -0.2562 
0.2496 -0.4893 
1.0917 -0.1624 
-0.1911 -0.0606 
-0.3236 -0.2208 
1.0681 -0.0604 
-1.4421 -0.0903 
-0.1673 -0.3861 
-0.2613 0.4968 
-0.8539 0.3176 
-0.294 -0.2114 
0.703 -0.3894 
-0.0771 -0.1515 
-0.5321 0.0896 
1.1751 -0.251 
1.0931 -0.3275 
-1.0425 -0.0349 
0.2935 0.0907 
0.3101 0.3212 
0.9078 0.1162 
-1.1353 -0.3111 
-0.589 0.4672 
-1.0738 0.0109 
0.4581 0.667 
0.1613 0.4265 
0.5917 0.1357 
0.8838 -0.2009 
1.4216 -0.1244 
0.1841 -0.2934 
-0.9219 0.0761 
-2.0108 -0.2397 
-0.1033 -0.0646 
0.8684 0.0924 
0.4302 0.1498 
-0.1594 -0.4673 
0.0031 -0.0361 
0.3752 0.3815 
-1.1165 0.0615 
-0.4138 -0.0327 
0.5333 -0.0432 
0.7789 0.0399 
0.7302 0.0581 
-1.1371 0.4499 
-1.1343 -0.1776 
0.638 -0.4225 
1.3875 -0.2062 
0.8813 -0.0275 
0.484 0.3945 
-1.07 -0.142 
0.017 0.253 
-0.2581 -0.2197 
1.1425 0.0387 
-1.2428 0.4077 
0.0695 -0.0834 
-0.1163 0.0303 
-1.2203 -0.226 
0.2132 0.2254 
-1.0422 0.3962 
0.8685 0.0509 
-0.1883 0.0846 
-0.3876 -0.319 
1.143 0.0106 
-0.7695 0.3746 
1.1497 -0.354 
0.8775 -0.3232 
-1.1617 -0.3393 
0.9608 0.2328 
-0.6469 0.7779 
1.2915 0.291 
1.3847 -0.2824 
-0.3367 0.0728 
1.0321 -0.5475 
0.9048 -0.4178 
1.0607 0.226 
0.1598 -0.551 
-0.7241 0.0835 
0.1963 0.3379 
0.6069 0.1157 
-1.8282 0.3975 
1.1193 -0.0084 
1.1246 0.0018 
0.2891 -0.8898 
1.1526 0.5291 
0.0355 -0.4018 
-0.9211 0.4003 
-0.7759 0.1121 
0.7086 -0.1703 
-0.4999 0.2164 
0.2551 -0.0209 
1.0672 0.1843 
-0.5137 -0.4647 
-0.9954 0.1592 
1.1118 0.2457 
-0.0133 -0.1182 
0.2582 -0.211 
0.9477 0.1862 
1.001 -0.0097 
-0.3858 0.1711 
-0.083 0.1407 
-0.8595 -0.0994 
-0.6657 -0.8052 
1.7567 -0.2692 
0.3557 0.934 
-0.8695 -0.4629 
0.8859 0.3312 
1.7351 -0.2097 
1.0148 0.0893 
-0.3477 0.1426 
0.7299 -0.0659 
-0.8911 -0.4582 
-0.9424 -0.0472 
0.8979 0.3734 
1.6243 0.4891 
1.377 -0.2254 
1.1688 -0.3415 
-1.3509 -0.5684 
-0.0778 0.2594 
-1.1807 -0.2438 
0.9069 0.0886 
-1.1944 -0.3977 
-0.623 0.1866 
0.3113 0.5187 
-0.3673 0.0961 
0.3377 0.0985 
-1.1874 -0.3376 
-0.2774 -0.323 
-1.2794 0.836 
-0.6064 -0.0722 
1.524 -0.2357 
-0.5911 -0.5803 
-0.1131 -0.2527 
0.4688 0.3663 
-0.721 0.5269 
0.9836 0.4162 
-0.8138 -0.0841 
-1.0507 0.1591 
0.151 0.329 
-0.7224 -0.0504 
0.6762 0.2318 
-0.4369 0.3476 
-0.0446 -0.2346 
-1.3356 -0.3202 
-1.4909 0.4508 
0.9455 -0.0582 
-1.4073 0.232 
1.2308 0.4387 
1.0511 0.1482 
0.4135 0.1645 
0.0711 0.4019 
0.4303 -0.3592 
-1.1325 0.0087 
1.3782 0.3723 
-0.3012 0.133 
-0.5043 0.7455 
-1.4078 -0.0027 
0.1898 -0.0653 
-0.4025 0.1182 
-0.422 0.0181 
0.1248 0.3506 
-0.8507 0.1144 
-1.6812 0.1806 
-1.1012 -0.3769 
1.5705 -0.0274 
0.4513 -0.2447 
-1.2176 -0.138 
1.424 0.271 
0.2652 0.15 
1.5666 -0.1464 
-0.1288 -0.0746 
0.455 -0.2456 
-1.3494 0.121 
1.066 0.0353 
-1.0651 0.6338 
-0.8673 0.1959 
1.058 0.3505 
-1.3206 -0.2818 
-1.4937 -0.1297 
0.0184 0.4032 
1.4071 0.1019 
-0.302 0.26 
0.6073 0.3963 
-0.9225 -0.2109 
1.5311 0.0893 
-1.6311 0.2257 
-1.4355 -0.1699 
1.1419 -0.0856 
-0.1505 -0.1019 
0.4064 -0.3147 
-0.9136 0.0895 
-1.0914 -0.6108 
1.1997 0.0633 
0.104 0.1132 
0.1622 -0.2643 
-1.0234 -0.5211 
1.3325 -0.1737 
-0.0636 0.2464 
0.1667 0.0007 
0.2189 -0.3338 
1.3092 0.1264 
0.2112 0.0151 
0.2666 -0.3052 
1.1203 0.0568 
-0.3081 0.2994 
0.4269 -0.1378 
0.0026 0.3826 
-0.9079 0.0134 
-0.6453 -0.4416 
-0.2451 0.0295 
-1.7341 -0.4684 
0.0124 -0.3106 
-0.7712 0.117 
0.5927 0.1454 
1.2454 0.1701 
1.3355 -0.2168 
0.0841 0.1822 
-0.6663 -0.4197 
1.2435 0.0168 
-0.3981 0.3162 
1.9366 -0.3992 
0.3283 -0.2132 
0.0164 -0.2003 
-1.1872 -0.1798 
-1.2452 0.2616 
-1.51 -0.2776 
1.293 -0.3594 
-0.3137 -0.1901 
0.8009 -0.0795 
1.1136 -0.4088 
0.9486 -0.2747 
-1.2328 0.2037 
-1.9474 0.2833 
-0.976 -0.046 
0.5623 -0.1514 
1.4813 -0.3617 
-0.1018 -0.31 
1.2465 -0.8634 
-0.4639 -0.5041 
0.8135 -0.1291 
-0.06 0.3178 
-0.9868 0.2947 
0.9585 -0.2697 
0.6276 -0.2919 
-0.525 -0.1073 
-0.0061 0.2139 
0.6456 -0.0662 
0.7276 0.1428 
-1.0337 0.2864 
-0.6782 0.2239 
-0.5851 0.4474 
1.2311 0.2368 
-1.5265 0.2341 
0.1597 -0.1185 
-1.1863 0.1326 
0.1392 -0.0019 
0.8528 0.4054 
-1.0295 0.763 
-0.1152 -0.4864 
0.4558 -0.0229 
-0.6508 0.1076 
-1.3041 -0.3705 
-0.1314 -0.2409 
1.2684 -0.1872 
0.1333 -0.1997 
0.3108 0.0328 
0.2739 0.039 
0.0174 -0.6344 
0.2874 0.1575 
0.5939 0.2002 
1.0939 0.3663 
0.5663 -0.6774 
-0.4287 -0.1029 
-1.0201 -0.2078 
1.3049 0.0453 
-1.2256 -0.226 
0.0074 0.1262 
-0.3672 0.8752 
0.6643 -0.1804 
0.0238 0.3966 
-0.6801 0.4128 
-0.9679 0.3237 
1.1738 0.2886 
1.4871 -0.0309 
0.7206 0.3621 
-0.0466 0.1777 
-1.619 0.2632 
-0.2895 -0.1366 
0.3484 0.6747 
-0.1313 0.0125 
-1.0647 -0.266 
-1.2458 -0.5827 
-1.1961 -0.1572 
-1.2753 -0.1875 
0.1635 0.0444 
-1.3383 -0.5836 
0.8692 0.0272 
0.9958 -0.5465 
-0.7459 -0.1248 
-0.4756 -0.1919 
0.7619 -0.0821 
0.9662 0.0766 
0.1469 0.0003 
-1.4021 -0.224 
1.2551 -0.0668 
-1.4767 0.3368 
-1.2203 0.3589 
-0.0589 -0.0565 
1.1344 -0.4053 
1.0434 0.2161 
-0.844 -0.2157 
0.3376 -0.0207 
1.2183 -0.125 
0.9617 0.3493 
0.5846 -0.2114 
1.0282 0.3989 
0.0233 0.4225 
-0.6271 -0.1565 
-0.1402 -0.2536 
0.4153 -0.0719 
0.927 0.1445 
-0.4053 0.2717 
0.0675 -0.5377 
-1.2927 0.2104 
-0.1145 -0.3741 
-0.0575 -0.4331 
-0.7124 0.0559 
1.2476 -0.2601 
-0.9147 0.1616 
-0.3572 0.2605 
0.0375 0.1428 
-0.5 0.3214 
-0.7752 -0.1304 
0.005 -0.2404 
-0.331 -0.1235 
-0.453 -0.4749 
1.0976 0.1354 
0.4467 -0.3328 
-1.0463 0.0605 
0.9773 -0.6455 
0.3925 -0.0889 
-0.8274 0.2911 
-0.8311 -0.2366 
0.6364 -0.346 
-0.5258 0.0086 
-1.0071 0.0169 
0.039 0.2306 
-0.2027 -0.1156 
-1.5989 0.3719 
-0.3819 -0.1645 
-0.735 -0.041 
-1.4498 0.3231 
-1.2817 -0.1325 
-0.8654 -0.0871 
-1.2169 0.2228 
-1.0445 -0.339 
-0.769 -0.3063 
-1.2118 -0.0594 
-1.0188 -0.1572 
0.3772 -0.114 
-1.4803 0.0611 
1.0785 -0.0131 
-1.5364 -0.4654 
-0.9804 0.03 
-0.7807 0.088 
-0.0454 0.0212 
-0.3836 0.499 
0.4697 -0.5434 
-1.0 0.2892 
0.7005 0.1298 
1.4175 -0.3653 
-0.9117 0.3568 
0.4603 0.22 
0.9466 -0.0351 
-0.6606 -0.1213 
-0.0171 -0.24 
0.81 0.4023 
-0.3962 0.4536 
-1.4074 0.0062 
0.0769 -0.4725 
-0.676 0.8535 
0.9885 -0.7298 
0.6746 0.1838 
1.3257 0.1032 
-0.191 0.1811 
0.0315 0.2768 
1.4172 0.3006 
0.799 -0.284 
0.2035 0.4322 
-0.7217 0.6 
-1.5495 -0.2152 
-1.1891 -0.8076 
-1.0679 -0.055 
-1.1165 0.4858 
-0.1837 0.0413 
-0.1624 0.3063 
0.9951 -0.1146 
0.9691 -0.4596 
-0.7412 -0.0588 
-0.6728 0.1077 
1.0633 -0.3582 
0.7665 0.4388 
-0.4668 -0.2728 
1.666 -0.1781 
0.3514 0.0023 
-1.2499 0.1076 
-0.9581 -0.3536 
-0.896 0.1281 
1.3106 0.2251 
-0.3017 0.1157 
-0.5287 -0.6185 
0.9162 0.1992 
-0.4301 -0.2641 
0.0367 0.1078 
1.2128 0.0905 
-1.5129 -0.511 
0.036 0.4279 
-0.0571 -0.1385 
1.05 -0.2645 
0.7544 -0.3281 
0.9239 0.2971 
1.1413 0.5556 
-0.528 0.4603 
-0.5936 0.2389 
0.4661 0.0361 
1.328 0.5314 
-1.1523 -0.1383 
0.1233 0.8109 
-1.4417 -0.169 
1.2356 0.1685 
-0.8581 -0.0887 
0.5113 -0.5056 
-0.0859 0.2645 
-0.9624 0.5173 
0.7419 0.1395 
0.8773 -0.4526 
1.0852 -0.1261 
0.4407 -0.0409 
-0.4043 0.1609 
0.562 0.5362 
0.4143 -0.5901 
0.4463 0.0095 
1.0761 -0.082 
0.1327 -0.1243 
1.3778 -0.2091 
-0.3894 -0.2007 
1.3363 -0.252 
-1.042 -0.5564 
-0.6217 0.5139 
-0.3973 0.1544 
-0.0913 -0.5607 
-0.1291 -0.1123 
-1.2584 0.1834 
-0.1628 -0.385 
0.7082 -0.3348 
0.2065 0.2572 
-0.2362 0.1381 
-1.1907 0.1713 
-0.1877 -0.2441 
-0.8572 -0.3682 
1.3824 -0.0286 
-0.9449 -0.1504 
-0.3817 -0.2477 
-1.0551 0.383 
-0.0963 0.2157 
0.4092 -1.2043 
-1.2714 0.1608 
-1.4286 0.2398 
-0.4857 0.5432 
1.2472 -0.3407 
-1.031 -0.508 
0.4717 -0.1663 
-0.4912 0.3162 
-0.1573 -0.2759 
-0.4781 -0.3118 
0.6833 -0.5705 
0.4891 0.0009 
0.3704 -0.1693 
-0.3571 0.1177 
-0.3315 -0.2144 
0.023 -0.1426 
-1.4784 0.1792 
-0.6611 0.2698 
1.0939 -0.0906 
-1.1322 0.195 
0.2566 0.3369 
0.398 0.1014 
1.3223 0.0496 
1.208 0.0537 
0.5392 -0.1278 
1.402 -0.3229 
0.136 -0.2661 
1.122 0.1405 
0.7492 0.1896 
-1.1901 -0.0616 
-0.5712 0.2298 
-0.162 -0.3846 
1.1308 -0.225 
-0.3694 -0.0094 
0.6971 0.4148 
-0.3735 0.1167 
0.3315 0.1182 
-1.0593 0.2166 
-0.6699 0.1897 
0.8685 0.0348 
0.3458 -0.2625 
-0.8025 0.0847 
-0.2541 -0.0232 
1.0888 -0.1365 
1.8947 0.3988 
1.292 -0.5516 
0.8002 0.1153 
0.9605 -0.2689 
-0.2947 0.2327 
-0.0989 0.2247 
0.0952 -0.3479 
1.0798 -0.2307 
-0.1047 0.5622 
-0.4019 0.2815 
-0.0798 -0.1111 
0.3666 0.3147 
-1.5064 -0.0568 
-0.8741 -0.1864 
0.1813 0.7002 
0.281 -0.1801 
-0.0247 0.394 
-0.3513 -0.1324 
0.2511 -0.741 
0.1914 -0.1413 
-1.6942 0.2911 
-0.4766 0.3472 
0.8992 -0.0789 
-0.0818 0.336 
-1.4626 -0.019 
-0.0326 -0.128 
-1.3302 0.2847 
-1.2143 0.3742 
0.8046 -0.158 
-0.6449 0.1046 
-0.2138 -0.0466 
-0.6661 0.1591 
1.1271 0.5087 
-0.0493 0.0655 
0.3612 0.0543 
-0.0897 -0.6673 
-0.0196 -0.045 
-1.1343 0.5748 
-1.3688 0.0801 
0.4352 0.2298 
0.0879 -0.3767 
-0.7963 -0.1358 
0.1624 0.4192 
-0.2419 0.0233 
0.4323 -0.2852 
0.5207 -0.0539 
0.9218 0.1925 
-0.2786 0.0972 
-0.8478 -0.3407 
-1.1234 0.0404 
-0.9008 0.5138 
-1.093 -0.8164 
0.8714 -0.1157 
1.2931 -0.3485 
0.0229 -0.1642 
-1.3538 -0.0315 
-1.0857 -0.4704 
-1.4417 -0.1093 
-0.8456 0.1442 
-0.69 0.1695 
-0.6821 0.0019 
1.2698 -0.0876 
1.1429 0.3921 
-1.5481 0.5342 
0.474 -0.3572 
0.9974 -0.0335 
-0.004 -0.4116 
-0.7715 -0.0198 
-1.1669 -0.3107 
1.5639 0.1352 
0.4902 0.3725 
-0.1574 -0.4053 
-0.9255 -0.146 
-0.2463 0.113 
0.1181 0.3495 
0.9482 -0.2088 
-0.9925 -0.6055 
-1.2984 0.1583 
-0.0325 0.0296 
0.8355 -0.2097 
-0.4591 -0.5079 
1.1765 -0.0097 
0.1031 0.5392 
0.465 0.2696 
0.323 -0.208 
-0.0167 -0.0053 
0.4725 -0.4056 
0.5377 0.5099 
0.2378 -0.0142 
0.1969 -0.5238 
-1.0206 0.2153 
-0.0871 -0.0319 
0.6838 0.1665 
0.3493 0.3991 
1.2561 -0.2193 
-0.8562 -0.2436 
0.9556 -0.0572 
0.5586 0.3505 
0.8494 -0.3409 
-0.4361 0.161 
0.1074 0.3958 
-1.6483 0.0972 
0.8665 0.3456 
0.7079 -0.0762 
0.8249 0.2901 
-0.6236 0.188 
2.0628 -0.1683 
1.0528 0.3276 
-1.0888 -0.2525 
-1.4224 -0.132 
-0.8583 -0.1434 
-0.071 -0.1313 
-0.2956 0.5151 
-0.5391 -0.201 
-0.4087 -0.0091 
0.9573 -0.5973 
0.4658 -0.1568 
-1.2747 0.1977 
1.4592 0.2241 
1.3125 -0.0947 
-0.1998 -0.0332 
1.3862 -0.0397 
0.9381 0.2367 
-0.5137 -0.7573 
-0.6586 -0.425 
0.1281 -0.1856 
-0.9763 0.0055 
0.7639 0.1806 
-1.3222 -0.4308 
-0.7855 -0.2942 
-0.4613 0.2467 
0.2977 -0.0548 
-0.0595 0.1549 
1.1229 -0.081 
-0.8829 0.2353 
0.8823 0.254 
-0.6343 -0.4101 
-0.0716 -0.1462 
1.0369 0.0379 
0.528 0.1869 
-0.973 0.2874 
0.9221 0.1726 
-1.4557 -0.5972 
-0.152 0.157 
-0.0119 0.1272 
-0.8897 -0.0902 
-0.7842 0.0378 
-0.2066 0.271 
0.8531 0.3288 
-1.0401 -0.4627 
0.1121 -0.3337 
1.3271 0.0349 
-0.88 0.495 
-1.3972 0.2423 
0.797 0.0023 
0.6537 0.4606 
0.0774 -0.1948 
-0.0033 -0.2008 
0.1723 -0.3344 
-0.6911 0.3735 
1.2592 -0.0011 
1.1502 -0.3633 
0.6464 -0.286 
0.9884 -0.3014 
-1.0086 0.3066 
1.4195 0.2489 
-0.4441 -0.0314 
-0.7893 0.1044 
-0.7964 0.252 
0.7998 -0.1576 
-0.0017 0.2117 
1.3888 -0.0371 
0.7368 -0.0014 
-1.3894 0.0631 
0.6518 -0.1028 
-0.4816 0.325 
0.9822 0.4569 
-1.6057 -0.4842 
1.32 -0.1269 
0.4273 0.4011 
1.041 0.0296 
0.3857 -0.1579 
1.4747 -0.4697 
-0.9771 0.1177 
0.6982 0.0809 
0.6197 0.0129 
-1.3299 0.1695 
-0.4175 -0.1755 
1.0545 0.1789 
-1.1111 -0.2217 
-1.7364 0.0335 
-0.6947 0.1252 
-1.1959 -0.0076 
1.0751 0.5695 
0.0706 0.0919 
-1.0254 0.7143 
1.5612 -0.0389 
0.8672 0.1978 
0.9442 0.6138 
-1.1615 -0.0249 
0.9503 -0.6134 
1.0413 -0.3647 
-1.2003 -0.0898 
1.0867 -0.2416 
-0.2657 0.3599 
-0.7447 0.2156 
-0.3351 -0.065 
0.4982 -0.2512 
-1.5759 0.2851 
1.1458 0.0799 
-1.1113 0.1203 
1.3447 -0.1514 
-0.9701 -0.8387 
-0.0729 0.0994 
0.8913 0.1029 
0.5543 -0.4406 
0.6813 0.4436 
-0.7865 0.0728 
0.6615 -0.2003 
0.606 0.0301 
-1.1854 0.2382 
-1.0987 0.08 
-0.6584 0.3202 
0.9984 -0.2784 
-0.4161 -0.1192 
-0.4781 -0.4079 
-0.511 0.2911 
-1.1081 0.252 
0.0498 0.0049 
0.045 -0.035 
0.0389 0.2408 
0.5171 0.4185 
0.9526 0.6716 
-1.2129 0.3543 
0.7825 0.0799 
-1.3302 0.3174 
0.9263 0.2908 
0.7662 -0.4917 
-1.0536 -0.2039 
-0.6285 -0.5673 
0.1699 0.1388 
0.099 -0.3098 
0.7409 0.442 
0.7116 -0.0847 
1.2137 -0.5958 
-1.2599 0.1139 
0.6742 -0.043 
-0.0985 -0.3112 
0.1551 0.4935 
0.036 -0.1198 
-0.4018 0.346 
-1.0405 0.2144 
0.6559 0.3282 
0.1647 0.0056 
1.2055 -0.0819 
-0.297 -0.3099 
1.1007 0.0519 
-1.2997 -0.2203 
1.2063 0.252 
0.1178 0.7769 
-1.7241 -0.4756 
-0.9776 -0.7247 
-0.1162 0.025 
1.3022 -0.0966 
-0.421 0.1755 
-0.5982 -0.2728 
0.9511 0.3336 
0.8937 0.0781 
-0.5259 0.2935 
1.2144 -0.4708 
-1.262 0.2479 
0.9669 0.3205 
0.1225 -0.3892 
-1.6173 0.4139 
-0.3297 0.1277 
-0.8606 0.5948 
0.8519 -0.3313 
-1.2001 0.2689 
-1.1423 -0.1268 
-0.104 0.5109 
0.0961 -0.4505 
0.1242 -0.5677 
0.5398 -0.2278 
-0.2486 -0.1178 
1.5269 0.1739 
1.1619 0.3837 
0.5139 0.2357 
1.4884 -0.0544 
0.1613 0.0608 
-0.9895 -0.0307 
0.9565 -0.0921 
1.4316 0.7954 
1.5682 0.3921 
0.9137 0.0569 
-1.4663 0.0802 
-0.9733 0.3883 
0.697 -0.1572 
-0.4306 0.1468 
0.1707 -0.1846 
-0.5935 0.272 
1.0927 -0.0009 
0.9118 -0.3776 
1.1811 0.3888 
0.9613 0.0225 
0.0177 -0.0644 
0.3892 -0.392 
-0.1744 0.1104 
-1.0861 0.1803 
-0.9486 0.1517 
1.0905 -0.1454 
-0.8557 0.0777 
0.2653 -0.2157 
0.5058 -0.5342 
0.5754 0.0568 
0.8372 -0.4867 
0.8956 -0.4964 
0.147 -0.0732 
-0.3234 -0.2516 
-0.7676 0.44 
1.0756 0.2369 
-0.7802 0.1146 
0.9794 -0.3069 
-0.3496 0.102 
0.6925 -0.2704 
1.159 -0.4913 
-1.0104 0.1971 
-1.2722 0.1422 
-1.3503 0.0395 
0.4668 0.2458 
-0.2519 -0.1362 
-0.952 -0.2337 
0.9847 -0.1564 
-1.011 -0.0024 
0.565 0.2581 
-0.6757 0.041 
-0.6557 0.0743 
1.5301 -0.0726 
0.3273 0.3543 
0.8098 -0.1243 
0.8764 0.068 
-0.2942 -0.4227 
-0.7115 -0.5925 
-0.1851 0.189 
-0.2618 -0.5009 
-0.5706 0.1421 
0.0593 -0.2078 
1.0068 0.4386 
1.3559 0.0031 
-1.0917 -0.0408 
-0.2523 -0.3238 
-1.3687 0.0303 
-1.1665 -0.4257 
-0.8897 0.2352 
-0.1 -0.055 
0.072 0.1283 
-0.0453 0.1084 
0.7506 -0.0767 
1.1132 -0.0769 
-0.4661 0.6772 
-1.3591 -0.6937 
-0.1393 0.1044 
-1.2541 -0.1853 
-1.0072 0.2555 
-1.4608 0.5816 
-2.0696 -0.0233 
0.9576 -0.5199 
-1.3322 -0.04 
-0.1674 0.2872 
-0.2924 0.2109 
0.0937 -0.538 
-1.4711 -0.1794 
-1.6553 0.3726 
1.3073 0.1418 
-0.1032 0.6965 
-0.8442 -0.6538 
-0.3694 0.4369 
-1.28 0.1417 
1.0309 0.2829 
-0.1598 -0.1476 
-0.505 -0.2095 
-1.2598 0.3222 
-0.401 0.2286 
-1.4916 -0.0636 
-1.0747 -0.5017 
0.024 0.5073 
0.6451 0.389 
0.0126 -0.4316 
-0.9571 0.1454 
-0.2924 0.3068 
0.7279 0.1976 
1.1073 -0.0812 
0.8972 0.6061 
-1.5907 -0.7074 
0.0575 -0.0207 
0.885 -0.0922 
-0.1625 -0.2983 
-1.5146 0.18 
1.1303 -0.3448 
0.7008 0.3224 
-0.1584 0.0736 
-1.1604 -0.0653 
0.8069 0.1045 
0.3035 -0.0889 
-0.994 -0.5853 
-0.259 -0.1668 
-1.0507 0.1909 
-0.1383 -0.342 
0.7884 0.5563 
0.0489 0.6459 
-1.2719 -0.0527 
-0.9806 0.1374 
1.3773 -0.3386 
0.7954 -0.0485 
0.1024 -0.4788 
0.0533 0.2282 
0.0602 0.5025 
-1.2639 -0.0128 
0.5377 0.0344 
-1.0888 0.5545 
-0.147 -0.3662 
-1.2143 -0.5687 
0.891 0.2974 
-0.1161 0.084 
1.5215 0.1311 
-0.9415 -0.1944 
-0.726 0.074 
-1.1001 0.0885 
-0.0463 0.1422 
0.0011 0.1995 
1.6131 0.4219 
0.9611 -0.3135 
0.4489 0.1323 
0.6934 0.1986 
0.6478 0.1741 
-0.3088 0.1379 
0.5426 0.0851 
-0.9883 -0.2901 
1.0464 0.0572 
-0.8286 -0.2804 
1.2149 -0.0944 
-0.9075 -0.282 
0.2826 -0.0998 
0.2843 -0.1036 
1.1016 0.1889 
-0.5295 0.0965 
1.0485 0.3878 
-0.6579 0.1571 
-1.3163 -0.4893 
1.065 0.2151 
-0.2379 -0.4271 
1.5698 -0.2014 
0.0455 -0.4903 
-0.6235 -0.213 
0.86 -0.0512 
1.4519 0.286 
-0.1026 0.2105 
-0.5769 -0.1574 
0.4117 0.2716 
0.5851 -0.5376 
-0.1732 0.7694 
0.7741 -0.3284 
-0.5425 0.1071 
-1.1242 0.1607 
-0.7292 0.0799 
1.1314 0.0062 
1.726 0.6745 
0.0741 0.484 
1.0985 -0.2688 
-0.9957 -0.0151 
0.789 0.3417 
-0.2455 0.3553 
-0.3249 0.2722 
0.8341 0.4185 
0.5233 0.4316 
-1.001 0.1138 
-0.3501 -0.202 
0.1141 0.6107 
1.1202 0.0359 
-1.5137 -0.2969 
-1.017 0.0738 
-1.4348 0.5003 
0.9573 0.2801 
1.1388 0.2555 
-0.7079 -0.0688 
0.1144 0.6043 
1.4538 0.0275 
-0.4168 -0.0647 
0.7227 -0.0514 
-0.238 -0.6977 
-0.3058 -0.4664 
-1.1173 -0.0915 
-0.7071 -0.0949 
-1.0805 -0.2764 
-0.8566 0.0343 
-0.752 0.5349 
-0.5534 -0.0918 
1.2981 0.4134 
0.6223 -0.0815 
-0.3762 -0.0168 
1.3472 0.4362 
-1.4414 -0.1548 
0.3813 -0.4179 
1.4175 0.2178 
-0.1641 -0.2932 
1.0774 0.2715 
0.6808 0.0822 
-0.0495 0.1284 
0.6166 0.3999 
0.575 0.2067 
0.9906 -0.615 
1.3329 0.0691 
0.8818 0.3993 
-1.1692 0.0001 
1.4159 0.5317 
-0.9876 0.1141 
1.2931 0.1824 
0.685 0.2559 
0.9384 0.0808 
-0.8811 0.1502 
1.419 0.1303 
-1.0949 -0.1504 
-1.1002 0.2334 
1.2272 -0.2319 
1.3391 0.5625 
-1.6986 0.4426 
1.2811 -0.3253 
-1.3846 0.012 
-0.5951 -0.0734 
0.0512 0.0818 
-0.9067 -0.1685 
-0.7584 -0.1347 
1.8498 -0.5223 
0.2702 -0.1505 
0.8177 -0.1245 
1.1861 -0.3471 
-0.8749 -0.0642 
1.2053 -0.1076 
0.5966 -0.196 
-0.7906 0.7874 
1.644 -0.3905 
1.322 -0.2044 
1.3983 0.2978 
1.2339 0.1491 
-0.9859 0.1005 
-1.417 -0.1306 
1.022 0.2446 
1.1065 -0.2495 
-1.4781 0.3369 
-0.2978 -0.3649 
-0.1379 -0.3703 
0.6858 -0.4244 
-0.6981 0.6008 
-1.1438 0.2101 
-0.9367 -0.0033 
0.2539 0.3965 
0.047 -0.1399 
0.8538 -0.3449 
-0.9291 -0.068 
-0.322 -0.0938 
1.1284 0.2545 
1.0549 -0.1272 
-1.3374 0.207 
0.9723 -0.303 
-0.3482 -0.3201 
1.1865 -0.2445 
-1.0606 0.1301 
0.8301 0.0181 
0.7408 -0.3871 
-0.8713 0.314 
-0.8768 0.0852 
1.0934 -0.2927 
-0.5455 0.0496 
-1.1917 -0.0546 
0.5669 -0.3078 
-0.6973 -0.2489 
0.4267 0.1413 
-0.8247 -0.3157 
1.5956 0.4497 
1.2297 0.059 
-0.1525 -0.0642 
-1.5396 0.1076 
-0.7899 0.0899 
1.1314 -0.2301 
0.9698 0.0151 
1.6553 0.1529 
-0.4753 -0.3035 
1.1912 -0.4895 
0.9257 -0.2815 
-0.2318 -0.2098 
0.2821 -0.2454 
-0.9961 -0.3562 
0.8644 0.4045 
-1.1552 -0.0009 
0.5684 -0.299 
0.6357 -0.1664 
-0.8677 -0.1413 
0.9547 0.0827 
0.5837 0.1229 
-1.4735 -0.6601 
0.6549 0.6568 
-0.3527 0.3153 
0.3697 -0.276 
-0.344 -0.203 
-0.0029 -0.1654 
-0.3493 0.0786 
1.1892 -0.3623 
-1.0789 0.0064 
-1.1964 -0.701 
-1.3735 -0.3649 
1.5069 0.3064 
0.7437 0.2037 
-0.2805 -0.4823 
0.1432 -0.0984 
0.004 -0.2378 
0.816 0.1332 
0.091 -0.4967 
0.6019 -0.0952 
0.319 -0.2705 
-0.4162 0.0342 
1.5148 -0.2154 
0.8878 -0.3019 
0.3664 -0.5787 
0.0426 -0.213 
1.2542 -0.0674 
0.3414 -0.1663 
0.7106 -0.4381 
0.4157 -0.6091 
-0.2218 -0.0199 
-0.4011 0.1885 
1.2163 0.2743 
0.2476 0.3289 
-1.3886 -0.1792 
-0.6782 -0.2151 
0.4866 0.1506 
0.1585 -0.343 
0.4984 0.0568 
-1.406 -0.1072 
-1.0949 -0.1627 
0.3421 -0.1743 
0.0397 -0.0084 
0.2049 0.2031 
1.0753 0.4286 
0.4138 -0.5772 
1.3106 0.0986 
0.7431 0.0511 
1.2145 0.0566 
-0.5819 0.2967 
-0.8324 -0.1768 
0.8247 0.1605 
0.848 -0.0637 
-1.0517 0.4385 
-0.8609 0.3106 
-1.4961 0.0697 
0.1698 0.0857 
-0.5119 0.1425 
1.2548 -0.2311 
0.3212 -0.0979 
1.1526 0.0735 
1.3626 0.0224 
-1.1292 -0.3648 
-0.4793 0.0875 
-0.7437 -0.2175 
1.0445 0.1497 
-1.1321 -0.2041 
-1.097 0.6077 
-1.1844 0.2435 
-1.0014 0.1597 
0.0096 0.0401 
-0.2242 -0.3638 
-0.6408 0.2365 
0.0144 -0.5888 
0.3103 -0.2256 
-0.6156 -0.2489 
0.3676 0.0776 
-1.2349 -0.0705 
1.1067 0.0237 
-1.6243 -0.0768 
1.4681 -0.0973 
-0.6678 0.0632 
-0.0631 -0.3472 
1.0638 -0.079 
0.297 0.081 
-0.1174 0.0315 
-1.2824 -0.165 
1.0812 0.1763 
1.3643 0.1025 
1.1281 -0.2645 
-0.9606 -0.3707 
-1.0139 0.3148 
-0.186 0.6892 
0.9394 0.0666 
1.2955 0.0145 
1.3443 0.0578 
0.1041 0.2256 
-0.5339 0.0892 
-0.8792 0.1448 
-1.0184 -0.296 
-1.0221 0.2838 
0.3303 -0.3021 
-0.4003 -0.0388 
-0.0497 0.0541 
0.6434 0.3359 
0.9286 0.0082 
1.0412 0.0523 
-0.7507 -0.4309 
-0.3134 -0.4963 
-1.0011 -0.6078 
-0.4096 0.0423 
1.0825 -0.2616 
-1.3336 -0.0889 
0.8456 -0.3048 
-1.5537 0.1149 
-1.3041 -0.2051 
1.4277 -0.0779 
1.0361 0.1091 
-0.4101 0.1222 
1.2998 0.7436 
-0.3377 0.0558 
0.2092 -0.3984 
0.9381 -0.3784 
-1.7208 0.1284 
-1.0958 0.0492 
1.0983 0.3809 
-0.9652 -0.5246 
-0.0902 0.4251 
1.4198 -0.5175 
-0.6875 0.3155 
0.9498 0.4425 
-0.9625 0.3936 
-0.0013 0.5818 
0.1972 -0.0063 
-0.9041 0.3432 
-0.7432 0.2684 
1.3884 -0.0522 
-1.4274 0.4954 
-1.1349 -0.366 
-0.0946 0.6478 
-0.2207 0.0265 
-0.9602 0.4778 
0.0134 0.1642 
0.3537 0.3762 
0.6951 -0.2432 
0.017 -0.3355 
-0.3127 0.09 
-0.5494 0.16 
-1.0398 0.3273 
-1.769 -0.2865 
0.3741 0.1014 
-0.857 -0.1685 
0.9292 0.1107 
0.3684 0.2497 
1.1835 -0.0492 
-0.2478 0.1868 
0.2242 0.3641 
0.3661 -0.6673 
-0.626 0.442 
1.2192 0.2221 
-0.2013 -0.0778 
1.0851 -0.5809 
-1.2465 -0.2942 
0.8596 -0.1274 
0.1067 0.1407 
1.1719 -0.0185 
0.3123 0.1081 
-0.8233 0.0497 
-0.6299 -0.5119 
-0.2161 -0.2924 
1.1477 0.268 
0.0304 0.0111 
-0.7441 -0.2468 
0.4706 -0.2599 
-1.1851 0.2502 
1.427 -0.1706 
0.3164 0.015 
1.0774 -0.103 
-0.8953 0.0627 
1.328 -0.39 
0.2504 0.0592 
-0.2531 -0.1743 
-0.8328 -0.3754 
0.8693 -0.1306 
0.1507 0.066 
0.8334 0.2456 
-1.2315 -0.3025 
-1.0234 0.298 
0.2744 0.1731 
-1.1019 0.1315 
-0.7527 -0.1106 
-0.1858 0.7734 
0.1181 -0.3777 
0.0073 0.0514 
-0.9589 -0.5483 
1.1032 0.2252 
-0.3579 0.3299 
0.1413 -0.4948 
1.3827 -0.0907 
-0.1129 -0.2107 
0.9245 -0.1683 
1.1617 -0.1955 
-0.7181 -0.2285 
0.8285 -0.0038 
0.0032 -0.2931 
-0.1503 -0.0506 
-0.7358 0.0966 
-0.3499 0.0513 
1.086 0.0158 
1.2645 0.3954 
-1.026 0.1992 
-0.9457 -0.7933 
-0.3808 0.0378 
-1.5139 0.2987 
-0.9875 0.3533 
-1.3922 -0.6503 
1.5975 -0.0718 
-0.3031 0.0263 
0.9837 0.0018 
-0.2315 0.0321 
1.0231 0.097 
1.7577 -0.4357 
-0.8202 -0.3013 
-0.8234 -0.0114 
-1.0255 0.3298 
-0.6872 -0.3409 
-0.5715 0.0443 
1.1846 -0.398 
1.0722 -0.0259 
0.609 -0.0432 
-0.8277 -0.9088 
0.804 -0.38 
-1.0939 0.3026 
-1.37 0.1165 
-1.2443 0.0801 
-0.0112 0.3429 
-0.838 0.1513 
-0.7275 -0.23 
1.2418 0.6218 
0.2049 0.0951 
1.5245 -0.0008 
-1.1364 0.0594 
0.0505 0.2396 
1.0307 -0.5293 
-0.3332 -0.0128 
1.1889 -0.2896 
-0.3514 0.5718 
-0.2535 0.5268 
-0.6644 -0.5247 
-1.3201 0.368 
-0.2119 -0.3522 
-1.2049 -0.3562 
0.5194 -0.2882 
-0.4532 0.3903 
0.6378 -0.3787 
-1.042 0.2184 
0.3088 -0.3688 
-0.3346 0.2434 
0.0011 0.3186 
-0.7754 -0.4958 
-1.4915 -0.639 
1.1669 -0.04 
-0.9251 -0.1409 
1.2304 -0.1203 
-0.2674 0.2752 
0.9006 -0.4868 
-0.4466 -0.1474 
-0.5145 0.2022 
-0.5624 0.1431 
-0.5541 0.0387 
-0.7718 -0.0412 
-0.1081 0.2881 
0.878 0.1541 
-0.8414 0.1461 
-1.0773 0.0526 
1.1652 0.2824 
1.0072 0.0593 
1.2128 -0.4896 
-1.6352 -0.1164 
-0.1573 -0.0663 
-0.6622 0.4611 
-0.3312 -0.0982 
-0.2515 -0.3369 
0.0609 -0.1005 
-1.196 -0.0743 
0.4578 0.0604 
-0.9281 -0.035 
0.7625 0.5853 
-1.6946 0.1327 
0.3928 0.1418 
0.8545 0.1297 
-0.0774 0.1272 
-0.2062 0.0965 
-1.2089 0.1221 
1.6492 -0.1883 
0.7983 -0.3364 
0.975 -0.0132 
0.0062 -0.1379 
-0.0567 0.1374 
-0.2643 0.2098 
-1.1203 0.0512 
-0.758 -0.156 
-0.8398 0.1119 
0.7954 0.2355 
-0.4778 -0.8052 
1.5314 0.0798 
0.5065 0.4601 
-0.2778 -0.134 
-0.6823 0.3909 
-0.7826 -0.4997 
-0.2615 0.2088 
-1.3818 -0.205 
0.8372 0.1606 
1.5787 -0.5338 
-1.0352 0.043 
-0.5558 -0.2288 
0.554 -0.15 
-0.8234 0.2951 
-0.6682 0.0218 
0.2147 0.3805 
1.2021 -0.3483 
0.6333 -0.0269 
0.9011 -0.6444 
-0.2168 0.3517 
1.3528 0.1649 
-0.8031 0.4778 
0.1687 0.5325 
1.3125 -0.557 
-0.9335 -0.2649 
-0.225 -0.0704 
0.3296 0.1484 
-0.0524 -0.4736 
0.9459 0.3485 
0.6565 0.4696 
1.6181 -0.0892 
0.8254 0.1768 
1.4572 -0.1641 
-0.9917 -0.1245 
0.5477 0.0709 
-1.9265 0.3225 
-0.5132 -0.0081 
-0.2803 -0.1307 
-0.8984 0.1956 
-0.3944 0.5492 
1.284 -0.2676 
-0.1489 -0.3768 
0.9158 -0.079 
1.5072 0.2177 
-0.9543 -0.2221 
0.2731 0.1025 
1.5294 0.2947 
1.2929 0.0343 
-0.784 -0.3044 
-1.7189 -0.2467 
0.0691 0.3031 
-1.312 -0.3252 
-0.2856 0.0342 
-0.7231 -0.0261 
-1.6124 -0.0813 
0.9995 0.2992 
0.2445 0.2128 
-1.035 -0.1721 
1.1719 0.1119 
1.495 -0.1195 
-0.6859 -0.6389 
-0.9686 0.1957 
0.8434 -0.5186 
0.6929 0.1585 
0.5838 -0.0606 
-1.2756 0.0832 
0.5158 -0.5068 
-0.0939 0.1251 
-1.0858 0.8027 
0.382 -0.1186 
0.1645 -0.0035 
1.0317 -0.1821 
-0.1248 -0.1107 
0.8472 -0.0659 
0.9896 0.0896 
0.8327 0.0057 
-1.1216 -0.1861 
-0.6605 0.1879 
1.4015 -0.2029 
0.8439 0.4442 
-0.3702 -0.2521 
0.0548 0.204 
-0.5384 -0.0903 
1.0359 0.1781 
-0.4475 0.0898 
-0.7681 0.1254 
0.6579 -0.0117 
-0.7076 0.1295 
0.1804 -0.07 
-0.9366 -0.3012 
0.924 0.9196 
-0.1994 0.595 
-0.5861 0.0908 
-0.1319 -0.0166 
-1.2707 0.1201 
0.9101 -0.1498 
1.2324 0.3732 
0.0333 -0.2815 
0.6681 0.585 
-1.2145 0.044 
-1.4682 -0.6075 
-0.7774 0.1176 
-0.4827 0.417 
0.1311 -0.5638 
0.9951 -0.0572 
0.9419 -0.4676 
1.1969 -0.2564 
0.5231 0.2461 
-0.996 0.1947 
1.2278 0.5165 
-1.1146 -0.1823 
-0.6658 0.1495 
1.5634 -0.3354 
-0.8726 -0.2027 
1.5726 0.1447 
-0.9056 0.4208 
1.0157 0.3175 
0.6865 -0.0965 
-1.5543 -0.3471 
-1.2025 0.2641 
-1.2108 0.2639 
0.038 0.4616 
0.2116 0.6914 
0.9676 -0.4803 
-1.3299 0.3405 
1.1007 -0.1675 
-0.0927 0.5497 
0.1624 0.8089 
-0.549 -0.0136 
0.6725 0.2467 
-0.9464 -0.1692 
-0.5764 0.5447 
1.0333 -0.1848 
-0.723 0.0024 
1.3444 0.1056 
-0.9182 -0.3097 
-0.6774 0.1851 
-0.2018 0.0201 
0.5289 -0.2243 
1.3517 -0.2444 
1.0227 -0.4255 
0.9213 0.087 
0.5466 0.3153 
0.1998 0.1429 
1.2205 -0.2787 
-0.8717 0.2408 
0.259 -0.434 
1.1206 -0.4106 
-1.161 -0.1122 
-0.1749 -0.3744 
-0.2576 -0.0128 
-1.3223 -0.2286 
-1.4209 0.2421 
-1.0329 -0.1845 
-1.3697 -0.429 
1.1925 0.014 
0.6999 0.5427 
-0.6016 -0.0317 
-0.7295 0.3325 
0.4648 0.2082 
-0.8563 -0.1604 
-0.017 -0.2877 
-1.2577 0.5774 
1.2722 0.4158 
1.0057 -0.0406 
0.535 -0.5798 
-0.0673 -0.0277 
-0.5509 -0.0722 
-0.9258 0.0371 
-1.0457 0.107 
-0.1447 0.2499 
-0.902 -0.2639 
0.7866 -0.2034 
-0.3439 0.4677 
-1.0908 0.1089 
1.0955 0.313 
-1.0095 -0.0734 
1.0204 -0.0306 
0.5994 -0.1743 
0.298 0.4506 
1.1317 0.2058 
1.1473 0.0084 
1.1558 -0.4349 
1.3115 -0.1978 
0.2994 0.54 
0.0504 -0.074 
0.469 -0.2904 
-0.1851 0.0682 
0.7144 0.4791 
-1.2511 0.8531 
-1.2825 0.1245 
-1.3025 -0.079 
-1.2462 0.0036 
-1.5594 0.2364 
1.4566 0.1724 
-0.2625 -0.1003 
-0.1351 -0.4312 
1.1698 -0.4563 
-0.809 0.1571 
0.1023 0.0975 
0.6178 -0.3071 
-0.5534 0.1829 
0.4316 0.3249 
0.4989 -0.2814 
-0.276 -0.4194 
-1.0712 0.342 
-0.8327 -0.4969 
-1.1711 -0.0356 
1.5453 0.1219 
-0.1176 -0.1361 
0.6309 0.0289 
1.1879 0.7077 
-1.3337 -0.3938 
-0.3384 -0.1371 
-0.8728 0.18 
0.8896 0.2945 
0.1819 0.201 
1.0812 -0.0745 
1.2486 0.0189 
0.3138 -0.0101 
-1.2753 -0.8143 
0.8048 0.3147 
-1.1789 -0.1031 
0.6119 0.4005 
1.0 -0.1083 
-0.5631 0.0462 
-1.1107 0.0853 
0.0124 0.2409 
0.1021 -0.4554 
0.9275 -0.2793 
0.922 0.7979 
-1.077 -0.3384 
0.0647 -0.6791 
0.2249 -0.2529 
0.6426 0.0633 
-0.8086 0.0222 
0.9766 0.3228 
-1.0015 0.1515 
0.2688 0.3131 
1.1219 0.0984 
0.0557 -0.4889 
0.8825 -0.552 
-1.32 0.486 
-0.7419 -0.2059 
1.2962 -0.213 
0.9908 -0.2724 
-0.0428 -0.3824 
0.8475 0.0752 
0.976 -0.0683 
-1.2114 0.162 
0.4448 -0.5795 
-0.3899 0.4334 
1.2071 0.7061 
1.2313 0.1623 
0.2085 0.0471 
-0.245 0.5115 
-0.8192 0.0271 
1.116 0.0167 
-1.0888 -0.4688 
0.5952 -0.2213 
-0.7672 0.0486 
-0.7792 -0.283 
1.0825 -0.0085 
1.3977 0.3388 
0.0646 0.2618 
0.2931 -0.1799 
-0.9424 -0.256 
-0.1007 0.5444 
-1.2506 0.8352 
1.1353 0.3355 
1.1942 0.0863 
0.8366 -0.1342 
0.6318 -0.5337 
-0.9857 0.6906 
0.2823 -0.744 
-0.0686 -0.2336 
-0.1043 -0.5593 
-0.6805 0.3379 
-0.2303 -0.4097 
1.3471 -0.1422 
-0.2241 0.144 
-1.3042 -0.0948 
1.0488 0.5468 
-0.702 0.6784 
1.4745 0.3918 
-1.2181 -0.4581 
0.8972 0.3617 
-0.2678 -0.0234 
0.9627 0.1017 
-0.8634 -0.053 
0.3122 -0.0495 
0.4073 0.0227 
0.9046 -0.0739 
1.0531 0.3613 
0.6764 0.0217 
-0.1152 0.1433 
-1.5916 -0.1692 
-0.494 -0.2052 
-1.5264 0.1992 
1.0674 0.5574 
1.0585 -0.2087 
-0.7722 0.1353 
-0.5114 0.0558 
-0.988 0.6072 
1.3213 -0.1559 
-0.3962 -0.256 
1.1639 0.5823 
-1.0705 0.0876 
-0.3847 0.1692 
0.6769 0.2506 
0.442 -0.4712 
0.4651 0.3287 
-0.5456 -0.2382 
-0.6142 0.3064 
0.8318 0.0051 
-1.3112 -0.4478 
0.8624 0.5914 
-1.1051 -0.4656 
1.3721 0.0014 
0.4491 0.1278 
-0.8728 -0.0185 
1.0293 -0.1646 
-1.4558 0.7242 
-1.094 -0.4251 
-1.1609 0.2604 
-1.3664 -0.0526 
-0.1493 0.2339 
-0.6767 0.2274 
1.2337 0.2719 
-0.5425 -0.3392 
0.6749 0.9045 
-0.8806 -0.1343 
0.8152 0.3164 
-0.2411 0.1305 
-0.4304 0.2949 
0.3584 0.2564 
0.9295 0.055 
0.5771 -0.5448 
1.1759 -0.4312 
0.4382 -0.4157 
0.3104 0.0817 
-0.3531 0.0351 
0.965 0.5321 
0.7125 -0.2477 
1.2806 0.1655 
0.3442 -0.2122 
0.8212 0.077 
0.767 -0.3076 
-0.2073 0.0277 
-1.4811 -0.2047 
1.4087 0.0714 
0.0765 -0.1814 
0.3478 -0.4458 
0.8352 0.155 
0.9121 -0.2892 
-1.3251 0.3671 
1.2593 -0.2454 
0.9045 0.4853 
0.109 0.4245 
0.6819 0.2127 
-1.2991 0.3821 
-0.7147 -0.1869 
0.2212 0.3811 
0.3222 -0.0911 
0.8945 -0.0172 
1.217 -0.0671 
0.2409 -0.1634 
-1.1401 -0.1573 
1.3219 0.2785 
-1.2839 -0.5159 
-0.1544 0.2166 
-1.2625 -0.0125 
0.6327 0.076 
-0.1523 -0.1348 
1.0467 0.3518 
-0.2717 -0.743 
0.5751 0.007 
0.5432 -0.168 
-0.3107 -0.599 
0.7036 0.1499 
-0.8179 0.1962 
-0.8466 0.3166 
1.4963 0.5999 
0.901 -0.1571 
1.6678 0.2428 
1.2833 -0.1854 
1.0414 0.8057 
-0.8169 0.19 
-1.149 -0.3781 
1.2979 0.2429 
0.0524 0.2418 
-0.1054 -0.0119 
1.5237 0.6262 
1.4625 -0.371 
-0.2132 -0.0844 
0.6002 -0.5422 
-0.2599 0.5257 
1.553 -0.1337 
-0.5863 -0.3827 
0.5413 -0.1818 
-0.951 -0.0643 
0.9481 -0.6025 
-1.0106 0.3329 
0.4473 0.5965 
-0.8063 -0.0502 
-0.2142 -0.2048 
0.1694 -0.0749 
0.7131 0.0684 
-0.3814 0.1474 
-1.1778 0.041 
1.0392 -0.1491 
0.2305 -0.129 
0.2206 0.3723 
1.3634 0.3203 
0.0173 -0.1341 
-0.146 0.2098 
-0.8091 -0.3209 
0.3234 0.3702 
-1.1326 -0.312 
-1.1117 -0.3951 
-1.185 -0.1762 
1.5094 0.3386 
0.437 -0.0003 
0.4057 -0.6732 
-1.0279 0.3025 
-1.2031 -0.2893 
0.8138 -0.117 
-1.0759 0.1506 
-1.0868 0.1063 
-1.0106 0.4216 
-0.2765 -0.3358 
-0.0938 0.1914 
-1.146 -0.4655 
0.8416 0.3285 
1.3577 -0.2394 
0.4644 0.3079 
1.4069 0.1227 
-0.4243 -0.6471 
0.6212 0.0508 
-0.7688 0.0871 
0.4879 -0.1507 
0.2366 0.0229 
0.8663 -0.3371 
0.0886 -0.1359 
-0.9274 -0.1511 
-0.5744 0.2101 
0.9434 0.1626 
-0.619 -0.5854 
0.7006 0.0415 
1.4643 0.0122 
-0.1851 -0.1737 
-0.0524 0.0738 
-0.9504 0.1466 
1.2933 0.2507 
-1.1863 -0.5354 
-1.1677 -0.0583 
0.127 0.5204 
-1.9823 0.0749 
0.4638 0.0228 
0.3443 -0.1887 
-0.3688 0.14 
-0.8616 0.173 
-0.6564 -0.5773 
-0.577 0.3384 
-0.2002 0.5327 
0.1982 0.1748 
-0.6863 -0.399 
0.7689 -0.8152 
-1.2581 0.5484 
0.7686 0.5587 
0.9071 0.3501 
1.3022 -0.1799 
0.9741 0.2541 
1.4211 -0.0666 
1.2455 0.0296 
0.5966 -0.1178 
-0.0603 -0.6106 
0.7784 -0.0209 
-0.2084 -0.1643 
1.2609 0.0699 
-1.0371 0.3064 
-0.2779 -0.2311 
-1.4566 -0.2834 
0.8725 -0.2835 
-0.8233 -0.5153 
-0.9879 0.0355 
1.024 -0.3866 
-0.168 -0.0301 
0.2756 -0.0168 
-0.4762 0.3763 
0.8506 0.1209 
-0.371 -0.3676 
-0.1926 0.168 
0.0262 0.5723 
0.0113 0.2508 
-0.108 -0.0951 
-0.8439 0.1041 
0.8704 0.5834 
-1.3995 0.2245 
-0.5613 0.0883 
1.0487 -0.511 
0.3723 0.0513 
-0.1283 0.1458 
0.8332 -0.3742 
-0.055 0.3611 
-1.2363 -0.3158 
-1.5147 -0.2017 
-0.1398 0.0046 
0.806 0.1057 
1.226 -0.5 
-0.9784 0.3857 
0.0441 -0.8244 
0.1051 -0.0632 
-0.1317 0.1933 
0.6746 -0.0064 
-0.3629 -0.3574 
0.0667 -0.0291 
0.2964 0.1017 
-0.6048 0.4679 
0.537 0.1752 
0.6644 0.5289 
-1.1494 0.2071 
0.8614 0.1532 
0.09 -0.1167 
0.1233 -0.0114 
0.0456 -0.1054 
0.1413 -0.2998 
0.6847 -0.0245 
-0.9162 -0.6489 
-0.9102 -0.0802 
-0.6821 -0.4623 
0.9874 0.1799 
0.7442 -0.4817 
0.5111 -0.0031 
0.1409 0.0343 
0.1122 -0.1319 
1.3792 -0.0418 
0.6018 -0.092 
1.0714 -0.012 
-0.122 0.0029 
-0.9874 -0.349 
-0.0035 0.2683 
-0.5979 0.5129 
0.6518 -0.5011 
-1.2555 -0.3447 
-0.2729 0.1255 
0.1648 0.107 
-1.1766 0.1504 
0.1577 -0.1328 
0.9215 -0.2799 
-0.856 -0.137 
-1.2305 -0.1659 
0.1185 0.2252 
-1.1238 0.0667 
-0.4239 0.1058 
-1.5686 0.1995 
-1.083 -0.1056 
-1.0844 0.4246 
0.4512 -0.0783 
1.2022 0.2639 
-0.8277 -0.2001 
0.2887 0.3186 
-0.1773 0.8308 
0.2623 -0.3587 
-1.2207 -0.1059 
0.0311 0.0809 
1.3156 0.2516 
-1.1986 0.1224 
0.0557 -0.1136 
1.0893 -0.3866 
0.926 -0.8303 
-0.586 -0.4731 
0.3598 -0.1547 
-0.9489 0.206 
0.7805 0.2943 
-0.4859 -0.0021 
1.2154 -0.0684 
0.2887 0.2036 
-1.1142 0.1949 
-0.9337 0.0924 
0.6385 0.1015 
0.9263 0.5073 
1.0768 0.0853 
0.084 0.801 
0.8715 -0.5865 
0.8902 0.0025 
-0.9389 -0.1717 
-0.9842 -0.546 
-1.0383 0.6219 
1.1121 0.5506 
-0.9662 0.0156 
-0.8032 -0.6459 
1.0692 -0.268 
0.3122 -0.4704 
0.9447 -0.3295 
0.3127 -0.0793 
0.8885 0.1018 
0.7536 -0.0106 
-1.08 0.0502 
0.1535 0.2211 
1.3417 0.4569 
1.4128 0.2237 
0.2061 0.1633 
0.5528 -0.0585 
-0.6019 0.3904 
-0.6031 0.0953 
-0.9406 -0.2645 
-1.4095 -0.2852 
1.3086 0.5126 
1.1962 0.3799 
-2.0 -0.5387 
-1.1519 -0.8635 
-0.7365 0.0614 
-0.4034 -0.6666 
-0.186 0.0208 
0.0538 -0.5382 
0.8491 0.0048 
0.8568 -0.3375 
-0.2401 -0.0762 
-0.2791 -0.2743 
-0.1525 -0.2165 
0.6568 -0.0327 
-0.9985 0.4977 
-0.1699 0.3401 
0.9435 -0.2187 
1.4611 -0.5613 
1.2838 0.0812 
1.1265 0.4201 
1.3399 0.1271 
1.1344 0.1734 
-0.0571 -0.5075 
-0.1506 -0.064 
1.1667 0.3039 
0.2464 -0.4789 
1.2509 -0.3859 
-0.8946 -0.1379 
1.1251 0.0443 
0.7399 0.6552 
-0.8956 0.3892 
-0.3652 0.3128 
-1.0998 0.1981 
-0.6817 0.7482 
0.2777 0.0225 
0.3728 0.0994 
-0.5733 0.0316 
0.9068 0.1544 
-1.3198 -0.2894 
0.6477 0.0764 
0.3377 0.2267 
-1.0618 0.0073 
1.3562 0.0787 
0.1041 0.1245 
-1.4099 0.9355 
-0.2037 0.0198 
-0.702 0.0204 
-1.2881 0.0775 
-0.2535 0.336 
0.3402 0.5316 
-0.1604 -0.2273 
1.1288 0.0132 
0.6663 0.0245 
0.8222 -0.0924 
1.2844 -0.3059 
-1.3279 -0.1744 
-0.7439 -0.0371 
-0.093 -0.1188 
0.209 -0.1836 
-0.1853 0.0073 
0.0138 -0.654 
0.7642 -0.2768 
0.9074 0.0509 
0.6153 0.2415 
-0.6218 -0.05 
1.0838 -0.4413 
-0.1583 -0.088 
-0.0186 -0.4352 
-0.56 -0.0303 
-0.6812 -0.4973 
-1.0621 -0.2461 
-1.0807 -0.5472 
0.0211 -0.3915 
1.5116 0.1755 
0.2429 0.2542 
-1.0194 0.4127 
1.248 0.8976 
1.0639 -0.055 
-1.0414 0.3452 
1.3537 0.2889 
-0.8 0.4175 
-0.0727 -0.2089 
0.3164 0.4286 
0.1823 -0.0869 
0.941 0.147 
0.0334 0.1525 
-0.8184 -0.1675 
-1.2154 -0.2964 
-0.0512 0.0229 
0.4037 0.1726 
-1.0804 0.608 
1.4386 0.3273 
1.2156 0.3717 
0.3607 0.0872 
-0.1053 -0.1271 
-0.6711 0.1268 
-0.8301 0.5565 
-0.2264 -0.2781 
-0.1377 0.2086 
0.5774 -0.3567 
-0.1749 -0.0226 
-0.1218 -0.491 
0.3953 -0.1132 
-0.2044 -0.2418 
-0.113 0.2541 
-0.7195 -0.0117 
-0.1309 0.1035 
-1.5952 -0.6146 
0.9837 -0.2198 
0.4073 -0.1012 
-0.7427 0.422 
0.1239 0.0312 
0.2385 -0.3613 
-0.1747 -0.555 
-1.1913 0.1311 
-1.0216 0.4082 
0.0128 -0.2733 
-1.3506 -0.2074 
0.8283 0.7361 
1.2177 0.2994 
0.3125 -0.1588 
0.5597 0.1399 
0.8389 -0.3187 
-1.1606 0.1193 
0.1526 0.5709 
0.7819 -0.1337 
1.6904 0.5191 
-1.4788 0.2084 
1.1308 0.0091 
1.5005 0.1861 
-0.4989 0.5342 
0.6811 -0.2081 
-0.656 -0.178 
0.2257 0.3603 
-0.2217 -0.062 
1.3592 0.0882 
-0.596 0.2011 
-0.7278 -0.0391 
-1.0889 0.2947 
-0.7457 -0.2769 
1.1917 0.2854 
-0.1019 -0.0861 
0.8374 0.4338 
1.3227 0.0588 
0.2101 0.2006 
0.9282 -0.1322 
-0.8382 -0.0461 
-0.4887 -0.0928 
1.0829 0.5905 
0.5794 0.2105 
-1.2668 0.4129 
1.0696 0.1125 
-1.0162 -0.5924 
0.9383 -0.3313 
-1.2542 0.0077 
1.3338 0.2307 
0.5787 0.0843 
0.9914 -0.3032 
0.6724 -0.2994 
1.0133 0.0826 
0.9613 0.1446 
0.1387 0.1916 
-0.2115 0.7672 
-0.6217 -0.2427 
0.5976 0.3611 
0.966 -0.2741 
0.0821 0.562 
0.9385 -0.0461 
0.625 -0.0271 
-1.1205 -0.4309 
1.1429 -0.1169 
-0.9283 -0.2935 
1.31 0.1953 
-0.8852 0.1626 
0.2253 -0.3124 
0.2043 0.1903 
0.5001 -0.6579 
-0.1754 0.1101 
-0.4343 -0.2746 
0.2792 0.29 
1.1856 0.0004 
-0.4964 -0.067 
-0.2187 0.02 
-1.0611 0.5899 
-0.4434 0.1191 
0.9018 -0.014 
-0.0318 0.1985 
0.529 0.0242 
0.4167 -0.1944 
0.4408 0.4392 
0.201 0.2222 
0.6943 0.0405 
0.1123 0.2737 
0.1154 -0.1706 
-1.1088 -0.1615 
-1.2808 0.0939 
-0.022 0.3503 
-1.3751 0.3413 
-1.3855 0.2099 
0.1023 0.0921 
-0.812 0.1305 
0.2944 -0.066 
-0.0884 0.464 
-0.0583 -0.2481 
-1.2843 0.6396 
0.846 -0.2388 
-1.1344 -0.0716 
0.9662 -0.4825 
-0.961 -0.3991 
-0.9605 -0.3951 
1.1729 -0.043 
0.0415 0.3347 
1.1981 0.2306 
1.2557 -0.0656 
1.2719 0.2991 
-0.0962 0.3009 
0.5129 0.0041 
-1.0028 -0.0768 
-0.8299 -0.3845 
-0.3625 -0.1997 
-0.9941 0.2898 
0.223 0.055 
-0.2434 -0.07 
1.3127 0.1086 
-0.2822 -0.2129 
-1.0057 -0.2824 
-1.4912 0.0279 
-1.4189 -0.2353 
-1.5322 0.1364 
0.9235 -0.1169 
0.1904 0.1141 
-1.2719 -0.1592 
0.4474 0.0976 
-0.1064 -0.1362 
-1.2446 0.3116 
-0.4293 0.423 
-1.178 -0.2648 
-1.3304 -0.2463 
-0.9611 -0.0654 
0.1684 -0.1282 
-0.9399 -0.1539 
-1.6033 0.0263 
0.0622 -0.0357 
-0.7604 -0.8223 
-0.1766 0.019 
0.1719 0.3931 
0.7656 -0.1712 
1.485 -0.8052 
-0.0297 -0.1102 
0.5157 0.1144 
1.3078 0.2641 
-0.174 -0.4329 
0.175 0.226 
0.8318 -0.2881 
0.6234 0.1889 
0.5774 -0.0204 
0.541 0.2337 
1.1065 -0.4196 
-0.884 -0.1399 
0.2159 0.1698 
0.6668 -0.1191 
0.9698 -0.383 
0.0161 -0.4536 
0.8289 -0.2277 
-0.2774 0.3288 
0.8431 -0.0905 
-1.3867 0.1164 
-0.4204 0.5027 
1.1056 0.2574 
0.935 0.1682 
-1.208 -0.3557 
0.3855 0.0617 
-1.0596 0.2883 
-0.3304 0.4565 
0.0893 -0.3043 
0.3806 0.4162 
-0.8942 -0.3231 
1.041 -0.9287 
0.2538 -0.0223 
0.7664 -0.0886 
-0.3261 0.0428 
-0.9594 0.2392 
1.5929 -0.2064 
0.1476 0.2826 
-0.0477 -0.192 
-1.0548 -0.0667 
-1.2842 -0.2705 
-1.0545 -0.1371 
0.7214 -0.0626 
1.0709 -0.354 
-1.101 0.7541 
-0.278 -0.0153 
0.6341 0.1293 
-0.2607 0.012 
-1.165 0.4423 
0.6399 0.2763 
1.0444 0.3513 
0.1357 0.3886 
0.3702 0.3072 
1.0623 0.1376 
1.2623 -0.4479 
-0.3117 -0.8113 
-0.9997 0.3475 
0.5965 0.6121 
-0.5074 -0.314 
0.8539 -0.1701 
0.5452 0.1909 
0.0578 -0.584 
0.1826 -0.2635 
0.0367 0.2968 
0.0798 -0.0706 
0.8167 -0.0234 
-0.7394 -0.2883 
0.7286 0.3264 
0.4424 0.3888 
0.2444 -0.3187 
-1.0954 0.3949 
-0.1765 0.2411 
-0.9864 -0.0878 
1.5751 -0.5474 
-1.1078 -0.0002 
0.5249 -0.1345 
-0.934 0.1304 
-1.0725 -0.0741 
-0.684 0.3026 
-0.7594 -0.6537 
0.9603 0.5903 
-0.3301 -0.3133 
1.0562 0.0162 
0.3341 -0.1715 
0.007 -0.0414 
1.1725 -0.4884 
-0.2302 0.1399 
-1.076 0.1906 
-0.4642 0.0216 
-0.6613 0.3573 
-0.4577 0.1191 
-0.0146 0.2991 
-1.0394 -0.5477 
-0.1209 -0.4963 
1.8817 -0.1029 
-0.4502 -0.3276 
-1.6563 -0.3731 
1.0442 -0.5606 
-0.113 -0.3586 
-1.5979 0.2514 
0.8021 -0.2932 
-0.7323 -0.2151 
0.1213 0.1207 
0.8281 0.5131 
-0.8062 0.3109 
0.4024 -0.0212 
-0.8052 0.0539 
0.0644 0.1279 
0.3239 -0.2186 
0.3082 -0.3062 
-0.6444 0.2163 
-0.6357 -0.0602 
0.0098 -0.4341 
1.1757 -0.526 
-0.7905 -0.1547 
-0.6873 -0.353 
0.0809 -0.5654 
-0.6963 0.2134 
-1.8053 0.4558 
0.3849 0.5446 
0.0974 0.0091 
-0.2011 -0.3606 
1.5346 0.1996 
-1.4175 0.1441 
1.3649 -0.004 
0.4093 -0.1826 
-0.5058 0.4459 
0.9987 0.0493 
-0.5872 -0.1483 
-0.0971 -0.0749 
0.1755 0.325 
-0.0984 -0.1837 
-0.7316 -0.4421 
1.4798 -0.03 
-0.8941 0.0928 
-0.5949 0.1046 
1.5376 0.3791 
-0.4215 -0.2213 
-0.8764 0.4315 
0.2203 0.2277 
-1.1196 0.1866 
-1.2503 -0.0022 
1.2341 0.1882 
0.3974 0.0026 
0.7282 -0.042 
-0.5218 0.1438 
-0.59 0.3513 
0.5007 -0.0599 
0.578 0.3973 
-1.4659 -0.4121 
0.8348 -0.3179 
-0.7936 0.4345 
-0.2247 0.4306 
1.4482 -0.0191 
-1.1111 0.4534 
1.5246 0.1757 
-0.6883 -0.2112 
-0.9097 -0.269 
0.0495 -0.0118 
0.8786 0.1927 
-1.1034 -0.2509 
-0.1937 0.7884 
1.4881 -0.3959 
0.928 -0.176 
1.0038 0.5433 
-0.1765 0.2558 
-0.4456 0.3357 
0.8456 0.1662 
1.2371 -0.5597 
1.0889 -0.2506 
-0.8139 -0.1492 
1.1234 -0.0723 
-0.3902 -0.1317 
-1.076 0.0043 
0.2739 -0.0826 
0.492 0.1638 
-1.005 0.1389 
0.7055 -0.0062 
-1.2264 -0.2377 
0.669 -0.2936 
0.8072 -0.5676 
-0.8977 -0.2311 
1.213 0.1406 
-1.1733 0.6304 
-1.4173 0.4666 
1.0524 0.0695 
1.0828 -0.2777 
-0.2818 0.0159 
-1.2401 0.1946 
0.8261 0.2509 
0.5288 -0.3544 
-0.1875 -0.0712 
0.9732 0.1799 
0.2685 0.7087 
-1.2748 -0.2899 
0.7056 -0.382 
-0.3579 0.1863 
1.0163 0.0872 
-1.4122 0.7703 
-0.1016 0.0661 
1.1384 0.1109 
-0.6986 -0.0067 
1.2089 0.1756 
1.198 0.0836 
1.1138 -0.27 
0.9388 -0.08 
0.0246 -0.0938 
0.137 -0.0927 
-0.4461 -0.3467 
-0.945 0.5329 
-1.4721 -0.1049 
-1.2871 -0.1788 
-0.9253 0.493 
1.0118 0.3059 
0.7512 0.3089 
-1.255 -0.3447 
-1.1208 0.2402 
-1.253 0.2 
-0.5705 0.1999 
-0.3325 -0.3413 
0.166 -0.4232 
-0.0493 0.4763 
-0.7649 -0.1671 
-0.2547 0.2319 
-0.0193 0.1798 
-1.1274 0.2627 
1.5318 0.0412 
-0.0724 0.3293 
0.1602 -0.0154 
-0.9838 0.0582 
1.2648 0.1597 
0.5168 -0.4142 
-0.9597 -0.4652 
-0.8065 0.6066 
0.9401 0.0179 
-0.9587 -0.4321 
0.6351 0.0445 
-1.2938 0.1751 
-0.9988 -0.6518 
0.2359 0.1364 
-0.9961 -0.2457 
1.2402 -0.3999 
1.4084 -0.2957 
-0.5811 -0.0728 
0.2511 0.0551 
1.3317 -0.5023 
0.0623 -0.2909 
1.1758 -0.4532 
0.1204 0.4594 
0.45 -0.372 
1.2436 0.101 
0.8777 0.2825 
0.506 0.3043 
-0.273 0.4269 
-0.6593 -0.0312 
-0.1176 -0.0338 
-0.1103 -0.4357 
1.3851 -0.3219 
0.9743 -0.0844 
-0.5861 0.1204 
0.3899 0.1173 
-0.1035 0.0892 
1.1823 -0.3461 
0.2441 -0.2031 
-0.7871 -0.0809 
-1.2249 0.2848 
1.3022 -0.3232 
-1.474 -0.383 
-1.6157 -0.5748 
-0.862 0.2621 
0.5896 0.1682 
0.2393 0.0443 
1.0057 0.419 
-0.0902 0.0593 
0.464 0.0257 
1.0298 0.3683 
-0.5275 -0.5408 
-0.8254 0.2204 
-0.6112 0.1422 
0.4078 0.4133 
-0.075 -0.3898 
0.265 -0.0455 
1.4136 0.2455 
-0.4694 -0.2105 
1.0801 -0.2719 
-1.1103 -0.3051 
0.8054 0.0099 
0.0164 0.2651 
1.1808 0.1541 
-0.1409 0.0917 
1.2845 0.0608 
-1.5839 0.2003 
0.2083 0.2174 
0.8664 0.3966 
1.7418 -0.052 
1.2221 -0.3929 
1.3668 -0.1742 
-1.013 0.1111 
1.3705 0.277 
0.2634 -0.0241 
-0.3147 -0.4865 
0.1866 -0.2075 
1.1668 0.442 
1.0396 0.0625 
0.8733 -0.4141 
1.4294 -0.5632 
0.1197 0.0355 
-0.7761 -0.7149 
0.9331 -0.3382 
-0.0771 -0.1024 
1.1952 0.0348 
-0.4717 0.1742 
1.8644 0.0534 
1.3609 0.0823 
0.7803 -0.0157 
-1.0329 -0.0567 
-0.3807 -0.3283 
0.0948 -0.062 
0.3064 0.2577 
-0.7521 -0.1012 
-1.3274 0.3185 
-1.1166 0.3422 
-0.1076 -0.3698 
0.3195 -0.2293 
0.0601 -0.3329 
-0.7616 -0.4914 
-1.2142 -0.8158 
1.3924 -0.3175 
-1.1271 0.3853 
0.3799 0.4122 
0.7338 0.9144 
-1.4206 -0.1708 
-0.1904 0.5332 
-0.4349 -0.4261 
-0.5822 0.118 
0.8665 -0.0084 
0.8019 -0.3134 
-0.8431 -0.141 
-1.1988 -0.2724 
-0.8228 0.2154 
0.8954 0.8082 
0.7504 0.3791 
1.2663 0.1946 
1.0506 0.2564 
-0.5704 0.2319 
-1.1766 -0.4589 
-0.9157 -0.2343 
-0.0633 0.3595 
0.9997 -0.269 
0.8973 -0.164 
1.2771 0.0084 
-0.2526 -0.0916 
1.5342 -0.2536 
0.0863 -0.5856 
-0.6255 0.0917 
1.3876 -0.2025 
0.4112 -0.1942 
-0.9054 -0.0717 
1.2577 0.3469 
-1.3693 0.2523 
0.812 -0.3731 
1.1513 -0.7365 
-0.1202 -0.3731 
0.9614 0.2082 
-0.9927 -0.3615 
-1.8494 -0.0475 
1.1813 0.1743 
0.4122 0.3981 
0.1957 0.2104 
0.7946 0.4244 
-0.7525 -0.2728 
-1.0766 -0.4652 
-0.1333 -0.0508 
-1.1152 -0.357 
0.2599 0.0785 
1.1062 0.3663 
0.0878 0.2163 
1.2269 0.1226 
-0.4842 0.6997 
-1.2397 -0.0279 
-0.002 0.3943 
-1.0531 -0.2723 
0.0829 0.5314 
1.0334 -0.0011 
0.9117 -0.3321 
1.2429 -0.1449 
0.3376 -0.1496 
1.3632 -0.6485 
1.4111 -0.3007 
0.1536 -0.0579 
-0.6194 -0.3019 
-0.5337 -0.236 
1.5934 -0.2884 
-1.0099 0.0196 
-0.7603 -0.1179 
1.0566 0.6123 
0.8183 0.2415 
0.2282 0.1357 
-0.1785 0.3035 
-1.0169 -0.1406 
-0.0734 -0.019 
-1.6588 0.1177 
0.2032 -0.5575 
1.3715 0.068 
1.0494 0.1173 
-0.661 -0.2053 
-1.0111 0.1826 
1.0399 -0.6535 
-0.153 -0.4005 
-0.6619 -0.0207 
0.1361 -0.3142 
-0.7696 -0.2647 
-0.9444 0.3773 
-0.8347 -0.0536 
0.7599 0.3658 
-0.6585 0.2464 
-0.9887 0.5684 
0.844 0.025 
-0.0849 0.5233 
0.1392 -0.6484 
0.0409 -0.5435 
0.0305 0.0808 
1.2045 -0.6321 
0.3646 0.1014 
-0.4223 -0.126 
-1.1658 -0.0545 
-0.9903 -0.1955 
0.0922 -0.4029 
-0.7965 0.1669 
-0.7972 -0.2522 
1.826 -0.1716 
-0.4564 -0.005 
-0.2354 -0.3324 
-1.1861 -0.7758 
-0.029 -0.2721 
1.1592 0.4016 
0.8072 0.373 
0.9491 -0.0153 
-0.6207 -0.0784 
-0.3826 -0.0592 
-1.0203 -0.2834 
-1.2306 0.2013 
1.4698 -0.0335 
0.738 0.7517 
-1.3516 0.4132 
-1.7279 0.1626 
0.0382 -0.5025 
-0.8781 -0.1392 
-0.948 -0.0295 
-0.3353 -0.5936 
-1.2886 0.3612 
-0.0939 0.0363 
-1.3922 -0.3048 
0.7897 -0.0053 
-1.121 0.1619 
-1.0777 -0.4356 
1.1794 0.1212 
0.3725 -0.225 
-1.1556 0.6594 
-0.337 -0.5291 
-0.8684 0.0232 
1.1834 -0.0658 
-0.5964 -0.6088 
-0.5635 0.0241 
-0.7883 -0.376 
1.1455 -0.0589 
0.1575 0.083 
-0.9889 0.0258 
-0.0781 -0.013 
1.019 -0.3226 
0.6889 0.2483 
0.6686 0.405 
-1.4717 0.0611 
-1.2254 0.169 
-1.2757 0.1867 
-0.8587 -0.34 
0.8357 -0.0983 
-0.7006 -0.4348 
1.2591 -0.4201 
-0.1546 -0.1507 
0.4993 0.055 
1.2211 -0.4425 
1.1656 -0.1953 
-0.3236 0.3395 
0.3212 -0.2509 
1.145 0.0474 
-1.1977 0.0991 
-1.1224 0.1737 
0.1173 0.0018 
-0.1426 0.2822 
1.3336 -0.2612 
-0.1636 -0.1425 
-1.7588 0.6341 
1.3231 -0.1427 
0.2319 0.0784 
-0.5435 -0.0533 
1.6011 0.1397 
0.4271 0.125 
0.0935 -0.1375 
-0.2029 0.1305 
-1.159 0.1827 
-0.7274 0.2873 
-0.3027 0.147 
-0.0116 0.0024 
-1.0865 0.3758 
-1.1981 0.2426 
0.4555 0.0889 
1.4231 0.1167 
-0.1984 -0.2968 
-1.1891 -0.096 
-0.5616 0.4702 
0.3516 -0.599 
1.1407 0.1137 
-0.8078 -0.2695 
-1.1522 0.5737 
-1.2663 0.1456 
-0.1582 0.333 
1.3743 -0.0923 
0.0954 0.354 
1.2744 0.7478 
-0.8679 0.5601 
-1.0934 0.2479 
-0.901 -0.0436 
-1.1463 -0.0092 
-0.8484 0.2538 
0.0017 0.1998 
0.1427 0.358 
-1.0669 -0.1253 
0.8168 0.0415 
0.067 0.4099 
-0.8876 0.1495 
-0.6187 0.5879 
0.8285 0.4103 
0.6694 0.6855 
1.0356 -0.307 
1.4552 -0.4344 
-0.256 -0.3131 
-1.1382 -0.2701 
0.1288 0.797 
0.2685 -0.3687 
0.9245 0.0059 
-0.9829 0.2784 
-0.2019 0.3889 
0.3871 0.1438 
0.2721 -0.3653 
-0.6473 0.7141 
0.5167 0.0701 
1.4162 -0.2408 
-0.6246 0.5048 
0.507 0.4001 
0.4886 -0.3325 
0.8365 0.2651 
1.1615 -0.4058 
1.3483 0.5521 
-1.473 0.3692 
0.3861 -0.3684 
0.1763 -0.2945 
-0.5934 0.359 
-1.1403 0.3034 
0.8147 0.2873 
-0.4439 0.359 
-0.6089 0.1786 
0.5338 -0.5212 
-0.0459 -0.0861 
0.1704 -0.1595 
-1.5576 0.1319 
-0.846 0.4186 
1.3793 -0.6259 
-0.2844 0.0522 
0.2887 -0.4899 
-0.1107 0.058 
0.6896 -0.034 
-0.2539 -0.5398 
0.5037 -0.2636 
-1.5362 -0.4001 
-0.6104 -0.1 
-1.1542 -0.1426 
0.7661 0.1184 
-0.5001 0.2452 
-1.2561 -0.4856 
1.203 -0.3491 
-0.1192 0.3248 
-0.2057 0.2088 
1.3325 -0.6942 
-0.066 0.7995 
-1.1923 -0.365 
1.2001 -0.1468 
-1.1001 0.051 
-0.854 -0.0032 
-1.0998 0.0724 
1.2298 -0.4275 
1.031 -0.2894 
-0.4831 -0.257 
0.9569 -0.1357 
1.2617 -0.2419 
1.4012 -0.1476 
-1.1476 0.2365 
-1.7316 0.4742 
-0.2465 0.0214 
1.0866 -0.1133 
-0.0541 -0.2121 
0.2148 -0.385 
-1.341 0.4075 
-1.0602 -0.2137 
-1.2167 -0.0896 
-0.9255 0.0456 
1.0139 0.104 
-0.652 -0.191 
-0.3352 -0.2925 
-0.9909 -0.4629 
1.2797 0.1815 
1.3457 0.2467 
-0.6743 0.2386 
-0.9822 0.0717 
-0.534 -0.0355 
0.91 0.2635 
0.7547 -0.0862 
-0.5915 -0.17 
0.0797 -0.0454 
0.9268 -0.8773 
